Mixture	B cells naive	B cells memory	Plasma cells	T cells CD8	T cells CD4 naive	T cells CD4 memory resting	T cells CD4 memory activated	T cells follicular helper	T cells regulatory (Tregs)	T cells gamma delta	NK cells resting	NK cells activated	Monocytes	Macrophages M0	Macrophages M1	Macrophages M2	Dendritic cells resting	Dendritic cells activated	Mast cells resting	Mast cells activated	Eosinophils	Neutrophils
TCGA-VQ-AA6J-01A-11R-A414-31	0.122186674	0	0.015362249	0.028902924	0	0.160768937	0.02591284	0.068611584	0.033803949	0	0	0.012525355	0	0.363159742	0.079920517	0.05303078	0	0	0.03581445	0	0	0
TCGA-VQ-A91D-01A-11R-A414-31	0.051348636	0	0.008172379	0.079469663	0	0.106860657	0.008181623	0.067017808	0.007933433	0	0.018787382	0.014297553	0	0.201468786	0.146233333	0.090970146	0	0.011314463	0	0.177945331	0	0.009998807
TCGA-BR-8372-01A-11R-2343-13	0.001760746	0	0	0.205358003	0	0.095136351	0.176166502	0.045423354	0.000448383	0	0	0	0.003422254	0.107769841	0.10016814	0.15513019	0.06212412	0	0.045272717	0	0.001819399	0
TCGA-CD-8533-01A-11R-2343-13	0.222226465	0	0.074093646	0.056621402	0	0.15357101	0.066436865	0.008194517	0.04139503	0	0.006790187	0	0	0.04443435	0.043483231	0.134173183	0.105263314	0	0.035456107	0	0.007860694	0
TCGA-D7-A747-01A-22R-A33Y-31	0.247949248	0.018800323	0	0.113533785	0	0.271232918	0	0.014815118	0.072346893	0	0	0.056186396	0.003899288	0.011852412	0.02326777	0.087803243	0.000785244	0.016085265	0.061442099	0	0	0
TCGA-VQ-A91A-01A-11R-A414-31	0.052137546	0	0.036903843	0.006694379	0	0.171274942	0	0	0	0	0.034712848	0	0.008094716	0.285056226	0.001897999	0.136190623	0	0.092300144	0	0.140810603	0	0.033926131
TCGA-BR-4369-01A-01R-1157-13	0.10936253	0	0.11347573	0.059926682	0	0.293117987	0.036330889	0.026421797	0.026265638	0	0.012457433	0	0.00696376	0.013747272	0.044921235	0.104549958	0.128025349	0	0.006806311	0	0.017627428	0
TCGA-D7-8573-01A-11R-2343-13	0.165823699	0	0.004822539	0.072208659	0	0.299217188	0.027634768	0.0320419	0	0	0	0	0.017265037	0.185518405	0.119800333	0	0.001681564	0	0	0.073985908	0	0
TCGA-CG-4437-01A-01R-1802-13	0.078790998	0	0.011327467	0.239965536	0	0.04508004	0.139122848	0.044792483	0.019054694	0	0.021311699	0.008169418	0.008088004	0.02501395	0.073351587	0.199063908	0.016257766	0.001306321	0.018469968	0.00235924	0	0.048474073
TCGA-BR-8589-01A-11R-2402-13	0.057505139	0	0.00369182	0.409028906	0	0.007029469	0.113797087	0.059387187	0.014546917	0	0	0.029278637	0.007497186	0.010500819	0.078373304	0.096100405	0.077893022	0.004981631	0.030388472	0	0	0
TCGA-B7-A5TK-01A-12R-A36D-31	0.022183833	0	0.008160488	0.353934688	0	0	0.25779089	0.010143417	0.016760667	0	0	0.013774982	0.005814627	0.015632038	0.123524886	0.088090249	0.013708865	0.023626314	0.042656412	0	0	0.004197644
TCGA-RD-A8N9-01A-12R-A39E-31	0.10146504	0	0.065819039	0.117775355	0	0.193073083	0.039595427	0.072723603	0.100709815	0	0	0.004287062	0.002807689	0.068930903	0.053371747	0.108774713	0.020976298	0	0.049690224	0	0	0
TCGA-IN-AB1X-01A-11R-A39E-31	0.130278869	0	0.026116809	0.298302942	0	0.161933674	0.072912887	0.027247527	0.05012481	0	0.036103455	0	0.017815909	0.052247687	0.0172014	0.032435398	0	0.055724838	0	0.014460202	0	0.007093592
TCGA-CG-4305-01A-01R-1157-13	0.089648269	0	0.002330765	0.108883503	0	0.173374239	0.147591926	0.008444609	0.004553349	0.024344737	0.026535541	0	0.009347313	0.03937453	0.112693405	0.209101435	0.007486141	0	0.03350219	0	0	0.002788048
TCGA-FP-8211-01A-11R-2343-13	0.179926876	0	0.038618079	0.160118554	0	0.297476507	0.053158847	0.02012318	0.07749334	0	0	0.029895302	0	0.046043737	0.027138725	0.044703147	0	0.016168232	0.009135473	0	0	0
TCGA-VQ-A94P-01A-13R-A414-31	0.115919157	0	0.034204227	0.114596329	0	0.332906217	0.012998417	0.019487143	0.018545853	0	0	0.035576351	0.0422579	0.012001789	0.075433374	0.116386276	0.01136735	0	0.058319616	0	0	0
TCGA-CD-5803-01A-11R-1602-13	0.064142947	0	0.002622022	0.246608875	0	0.226319024	0.059590178	0.010769439	0.104387941	0	0	0	0.008962578	0.032778038	0.075586456	0.081639893	0.05495889	0.012384076	0.019249642	0	0	0
TCGA-VQ-A8P3-01A-11R-A36D-31	0.08974966	0	0.01479577	0.304495202	0	0.206967587	0.097826453	0.009610597	0.052224945	0	0	0.032307389	0.010466407	0.039236254	0.039470545	0.035883114	0.019878187	0	0.047087891	0	0	0
TCGA-SW-A7EB-01A-11R-A354-31	0.218833276	0	0.057381411	0.120617652	0	0.202848472	0	0.101598705	0.054827252	0	0	0.063049842	0.007342783	0.055544027	0.051633469	0.034787333	0.001527897	0	0.030007879	0	0	0
TCGA-BR-6564-01A-12R-1884-13	0.108747654	0	0	0.186669102	0	0.233534116	0.004481513	0	0.078232518	0	0	0.009119715	0.015018501	0	0.08962081	0.129773137	0.016552859	0	0.128250075	0	0	0
TCGA-VQ-A924-01A-11R-A414-31	0.009949809	0	0.000889406	0.155885409	0	0.178206749	0.147919727	0.048993372	0.010617517	0.003066854	0.001198034	0	0	0.156979277	0.093224495	0.148979497	0	0.023783678	0.017624263	0	0	0.002681913
TCGA-HU-A4GY-01A-21R-A24K-31	0.088518831	0.142380361	0	0.103198696	0	0.244396963	0.028745877	0.024089024	0.058979102	0	0	0	0.000113317	0.087789462	0.05159298	0.134086728	0.010926503	0.005553669	0.019628488	0	0	0
TCGA-HF-7134-01A-11R-2055-13	0.043544985	0	0.148526946	0.044733707	0	0.23774073	0.010647524	0.001215128	0.045066958	0	0.04511407	0	0	0.183107849	0.031359813	0.10793338	0	0.026734849	0	0.039354311	0	0.034919751
TCGA-VQ-AA6K-01A-11R-A414-31	0.126295206	0	0.133103624	0.164978755	0	0.223656709	0.094679539	0.013102401	0.016294103	0	0.000272463	0.006629604	0.002877496	0.064079007	0.035470683	0.065487247	0.02682365	0.003778563	0.021845959	0.00062499	0	0
TCGA-BR-A4J4-01A-12R-A251-31	0.102156244	0	0	0.024447341	0	0.324116026	0.017616805	0.002060512	0.079882035	0.000584266	0	0.019146527	0.003556257	0.004168963	0.143920359	0.101366489	0.159859881	0	0	0.017118294	0	0
TCGA-IN-A7NT-01A-21R-A354-31	0.007514663	0	0.000791329	0.058401474	0	0	0	0.042354433	0.060934904	0	0	0.003233991	0	0.231445791	0.022986965	0.093091693	0	0.187181189	0	0.278926536	0	0.013137032
TCGA-RD-A8N2-01A-12R-A36D-31	0.100701945	0	0	0.17173349	0	0.235788538	0.0255386	0.000735955	0.033823056	0	0	0.015160596	0.020829314	0	0.026778174	0.213370242	0.052805552	0.030045615	0.072688925	0	0	0
TCGA-RD-A8N1-01A-12R-A36D-31	0.117539357	0.006028618	0.048564005	0.116203418	0	0.239565335	0.037011081	0.02447297	0.107494919	0	0	0.011283044	0	0.126087122	0.053510299	0.079309942	0.017148552	0.005492219	0.010289118	0	0	0
TCGA-MX-A5UJ-01A-11R-A31P-31	0.136427253	0	0.004681179	0.113896485	0	0.335867159	0.004148929	0.056166075	0.008926196	0	0	0.008041271	0.00424248	0.038580293	0.088475283	0.100694848	0	0.009302259	0.037844942	0.037302279	0	0.015403068
TCGA-FP-A4BF-01A-12R-A36D-31	0.028755807	0	0.053690302	0.173848064	0	0.209787324	0.154292139	0.031753154	0	0.014419113	0.00681559	0.017136816	0	0.078289729	0.069626807	0.141677407	0.004816137	0.000763924	0.013546736	0	0.000780951	0
TCGA-BR-8077-01A-11R-2343-13	0.12253951	0	0.052696716	0.12253939	0	0.161597793	0.137327195	0.007511246	0.02799485	0	0	0.019861518	0.006800033	0.147859276	0.068886587	0.059867767	0.034516845	0.007349012	0.020804193	0	0	0.001848068
TCGA-FP-8210-01A-11R-2343-13	0.134541442	0.088801489	0.02533683	0.175383198	0	0.155405655	0.016935356	0.02374838	0.086869644	0	0	0.02432969	0.000804919	0.045268488	0.030414876	0.050047435	0.054349837	0.030151374	0.046845201	0	0	0.010766187
TCGA-CD-8531-01A-11R-2343-13	0	0.520117451	0.071827479	0.01254673	0	0.024288058	0.00586653	0.038140869	0.010795861	0.002882936	0.000586894	0	0	0.007466103	0	0.14215233	0	0.157877294	0	0.005451466	0	0
TCGA-CG-5721-01A-11R-1602-13	0.021003796	0.00210485	0.008919329	0.279841485	0	0.102464837	0.158028018	0.046818829	0.006783138	0	0.020976045	0.013057625	0	0.074648401	0.11332834	0.088020609	0.038143257	0	0.025861441	0	0	0
TCGA-D7-6527-01A-11R-1802-13	0.223343946	0	0.167043209	0.071842019	0	0.195855524	0.009100876	0.010266097	0.024257556	0	0	0	0.025646059	0.134266455	0.056085729	0.029851245	0	0	0.021335781	0.028311737	0	0.002793769
TCGA-VQ-A8PC-01A-11R-A39E-31	0.046330578	0.110912574	0.004420829	0.072393902	0	0.311029539	0.004909862	0	0.004289953	0	0.024796288	0	0.010834469	0	0.045779913	0.231471646	0.029086063	0.023316846	0.06248868	0	0	0.017938856
TCGA-CG-4304-01A-01R-1157-13	0.08960893	0	0.171663556	0.025680473	0	0.184093794	0.057403407	0.007505202	0.009608391	0	0.015307869	0	0	0.121758004	0.062285619	0.129998794	0.009634074	0.000854104	0.001473035	0.0051362	0.010867816	0.097120732
TCGA-HU-A4G2-01A-11R-A251-31	0.170592387	0	0.015971048	0.198559078	0	0.136896319	0.183500949	0	0.007373411	0	0	0.016849426	0	0.004436145	0.070074585	0.123000057	0.06200299	0.002306892	0.006499706	0	0	0.001937007
TCGA-VQ-A8PX-01A-12R-A414-31	0.18364134	0	0.1504592	0.188400812	0	0.258787334	0.003316401	0.000955541	0.059610933	0	0	0.02544066	0.016359226	0.014680789	0.013690666	0.003963796	0	0.041267928	0	0.015516663	0	0.023908711
TCGA-VQ-AA68-01A-11R-A414-31	0.217816065	0	0.029577192	0.140321186	0	0.152053527	0.054961619	0.016607926	0.092081709	0	0.003945171	0	0	0.085704238	0.044821904	0.070518463	0.007653466	0.017179368	0.066758167	0	0	0
TCGA-VQ-A91E-01A-31R-A414-31	0.075355787	0.006924392	0.104738611	0.185825019	0	0.318385304	0.07617226	0.039290591	0	0	0	0.016828581	0.006307674	0.045529156	0.0409925	0.05592913	0	0.007613286	0.008516402	0	0	0.011591307
TCGA-BR-7196-01A-11R-2055-13	0.183776866	0	0.121257086	0.183268166	0	0.100547149	0.050153325	0.016668209	0.014280293	0	0.039887106	0	0.024043642	0.019875979	0.109019095	0.073107114	0.017264282	0	0.04685169	0	0	0
TCGA-HU-A4H0-01A-11R-A251-31	0.056270758	0	0.014213983	0.182608836	0	0.24043961	0.154074386	0.057508204	0.002436468	0	0.000333175	0	0.00197562	0.001203217	0.139943993	0.109890986	0.005533414	0	0.033567351	0	0	0
TCGA-BR-8371-01A-11R-2343-13	0.421168929	0	0.01806632	0.09572303	0	0.190310356	0	0	0.098092944	0	0	0.055129753	0.012617329	0.011969333	0.003195397	0.034132217	0	0.021635694	0.036330962	0	0.001627735	0
TCGA-FP-7998-01A-11R-2203-13	0.073623618	0	0.035905597	0.243880692	0	0.109846562	0.126921994	0.027203324	0.016610857	0	0.036512848	0	0	0.093843565	0.082541141	0.091997119	0.00669814	0.002095416	0.052319127	0	0	0
TCGA-D7-8570-01A-11R-2343-13	0.118531654	0	0.061720096	0.083745218	0	0.168497411	0.053529258	0.051016748	0.045107186	0	0	0.032220885	0.002623864	0.13793073	0.050673498	0.103391827	0.070482828	0	0.020520584	0	0	8.21E-06
TCGA-CG-4469-01A-01R-1157-13	0.038087585	0	0.003800929	0	0	0.214153386	0.015703642	0.023454852	0	0.013832277	0.000899698	0	0	0.062289826	0.049521312	0.300638009	0.058229833	0.036321754	0	0.09683412	0	0.086232777
TCGA-BR-6455-01A-11R-1802-13	0.089129547	0	0.001458133	0.326583152	0	0.062851615	0.057821176	0.044094543	0.040639614	0	0.012798303	0	0.035093854	0.108070371	0.093568083	0.107088853	0.011516628	0	0	0.009286128	0	0
TCGA-VQ-A8P5-01A-11R-A39E-31	0.116626373	0	0.058930544	0.092587059	0	0.164877144	0.066510479	0.04056556	0.028891311	0	0.025843119	0	0	0.150607523	0.089365862	0.112563168	0.000587486	0	0.017842126	0	0	0.034202244
TCGA-CD-8534-01A-11R-2343-13	0.131484184	0	0.047233893	0.07232228	0	0.224094985	0	0	0.063889709	0	0	0.006254691	0	0.120207765	0.097855921	0.138216947	0.045829208	0	0.052610416	0	0	0
TCGA-D7-5577-01A-01R-1602-13	0.104120339	0	0.024887354	0.215598006	0	0.056222993	0.117840431	0.027375947	0.045622624	0	0.043938977	0	0.001818109	0.08013286	0.103271865	0.158798057	0.006705677	0.001848919	0.004270249	0.002532763	0	0.005014831
TCGA-BR-4257-01A-01R-1131-13	0.014911672	0	0.000424265	0.101065221	0	0.121645411	0.152628189	0.01841714	0.001701154	0	0.073685573	0	0	0.173206117	0.054446961	0.183445859	0.024070235	0	0.003309887	0	0.006730302	0.070312014
TCGA-CG-4460-01A-01R-1157-13	0.108444721	0	0.082069029	0.048266596	0	0.18899793	0.030748756	0.03289543	0.014639535	0	0.027676406	0	0	0.093306921	0.069840737	0.140713209	0.013611175	0	0	0.091301907	0.035486713	0.022000934
TCGA-BR-7901-01A-11R-2203-13	0.047986476	0	0.005200443	0.098001366	0	0.182143921	0	0.022071563	0.062010716	0	0	0.011834359	0	0.319134593	0.098556794	0.118277324	0.004609768	0	0	0.024133759	0	0.006038916
TCGA-CG-5722-01A-21R-1602-13	0.111285034	0	0.071674476	0.241552443	0	0.09732294	0.035047082	0.105839021	0.050945275	0	0	0.049393573	0.005544145	0.029165992	0.070923926	0.034334993	0.032822145	0.019121813	0.03288938	0	0.012137763	0
TCGA-BR-8295-01A-11R-2343-13	0.359219522	0	0.104697048	0.053177903	0	0.096469843	0	0.061691321	0.020039139	0	0	0.010841537	0	0.184616279	0.056690922	0.037788083	0.004830492	0	0.009937909	0	0	0
TCGA-BR-A4J7-01A-31R-A251-31	0.070872311	0	0.008714718	0.323096046	0	0.204677018	0.052917596	0.031259206	0.040282853	0	0	0.038846236	0.028285185	0.025315405	0.089473953	0.058311736	0.010398481	0	0.017549255	0	0	0
TCGA-CG-5734-01A-11R-1602-13	0.062280934	0	0.099020921	0.065142242	0	0.199569854	0.090726011	0.013371006	0.036090148	0	0.014227485	0	0	0.249273291	0.065595839	0.052060064	0.015833596	0	0.001169696	0.001007729	0	0.034631183
TCGA-VQ-A91V-01A-11R-A414-31	0.254992927	0	0.066011776	0.10928273	0	0.264244738	0	0.002818882	0.00552281	0	0.005729501	0.01993507	0.017817097	0.036440045	0.037548912	0.093574694	0	0.031153435	0.038287729	0	0	0.016639654
TCGA-FP-8209-01A-11R-2343-13	0.303700764	0	0	0.174091408	0	0.207587289	0.023706714	0	0.070116359	0	0	0.005995908	0.004675813	0.065638843	0.028273903	0.067078586	0	0.016709362	0.031026791	0	0	0.001398261
TCGA-HU-A4G8-01A-11R-A251-31	0.077669392	0.067364235	0	0.093829174	0	0.222199308	0.11480174	0.089425069	0	0	0.002148862	0	0	0.133447282	0.102749123	0.086797129	0	0.005161954	0	0	0.004406732	0
TCGA-BR-4279-01A-01R-1131-13	0.068911147	0	0.072522255	0.075994103	0	0.135691386	0.068317524	0.009595784	0	0.029868996	0.016162888	0	0.023492343	0.118195984	0.0427455	0.141724278	0.051817908	0	0.03476781	0.043143188	0.003124434	0.063924472
TCGA-D7-6522-01A-11R-1802-13	0.081192334	0.038496811	0.030586	0.147654701	0	0.126772456	0.059218008	0.021470826	0.089474988	0	0	0.001259666	0.009157781	0.102616887	0.058322066	0.162834061	0.03439327	0	0.026610532	0	0.008623263	0.001316348
TCGA-CG-4441-01A-01R-1802-13	0.11912807	0	0.010446316	0.100985064	0	0.186354392	0	0	0.05123812	0	0	9.39E-05	0	0.181714351	0.058276657	0.124213266	0	0	0	0.113262033	0	0.054287867
TCGA-HU-A4H4-01A-21R-A251-31	0.002858781	0.049476384	0.010950638	0.165752395	0	0.078796194	0.124565215	0.063537092	0.068849676	0	0.000110941	0	0	0.138892825	0.145519323	0.042443276	0	0.054298773	0.037789967	0	0	0.01615852
TCGA-VQ-AA64-01A-11R-A414-31	0.154915736	0	0.032975464	0.084175303	0	0.270146636	0	0.070944111	0.034303523	0	0	0.05478473	0.002710646	0.083310366	0.092052873	0.064469098	0	0.010165592	0.044195226	0	0	0.000850696
TCGA-D7-A6EZ-01A-11R-A31P-31	0.023895037	0	0.006186191	0.163023276	0	0.076507499	0.158790134	0.009745001	0.007845455	0	0.05816513	0	0.002208916	0.187626234	0.106028291	0.133014104	0	0.025363386	0	0.040416996	0	0.001184349
TCGA-BR-8677-01A-11R-2402-13	0.013737248	0	0	0.324323413	0	0.091998205	0.042090553	0.039704208	0.097228396	0	0	0.047720792	0.009109183	0.008298064	0.190157031	0.082986727	0.004255857	0	0.048390323	0	0	0
TCGA-RD-A8N0-01A-12R-A36D-31	0.026251884	0.206506555	0.089688361	0.177068796	0	0.202975255	0.014348033	0.077546639	0.048190606	0	0	0.018421123	0.001299372	0.016207792	0.030424423	0.031237767	0.005277077	0.009606751	0.044949566	0	0	0
TCGA-VQ-A927-01A-12R-A414-31	0.015567914	0	0.143735965	0.051010111	0	0.449303076	0.031953122	0	0.006737915	0	0.004787306	0.000177028	0.008266105	0.042731463	0.038879194	0.11711596	0.003309677	0.019087297	0.034401834	0	0.017418949	0.015517082
TCGA-RD-A7BS-01A-11R-A32D-31	0.159983014	0.05741774	0	0.090894773	0	0.192433312	0.004239343	0.031212276	0.049278196	0	0	0.023459701	0.003840749	0.140910724	0.160006619	0.023573664	0	0.013078332	0.049671555	0	0	0
TCGA-CG-5732-01A-11R-1602-13	0.034477594	0.097814391	0.083449325	0.242502501	0	0.178014951	0	0.025261536	0.089075323	0	0	0.001652946	0.009884108	0.082997857	0.03187719	0.069397798	0.002301166	0.004010868	0	0.037149845	0	0.0101326
TCGA-BR-8364-01A-11R-2343-13	0.088768199	0	0	0.134023697	0	0.231260954	0	0.015771171	0.05720303	0	0	0.023169291	0.011176512	0.064196867	0.033965402	0.218114678	0.019975111	0.012100287	0.090274802	0	0	0
TCGA-VQ-A91X-01A-12R-A414-31	0.13175032	0	0.06889702	0.100722557	0	0.258889682	0.032198298	0.07253499	0.045043432	0	0.02870983	0	0	0.148736967	0.029649676	0.001816231	0.025040417	0	0	0.056010581	0	0
TCGA-BR-8286-01A-12R-2343-13	0.015477647	0	0	0.149838235	0	0.159005754	0.040967446	0.004002228	0.104942276	0	0	0.015257387	0	0.123151938	0.047295759	0.192213242	0.048947068	0.012886542	0.051550283	0.034464194	0	0
TCGA-D7-5578-01A-01R-1602-13	0.039125134	0.029081419	0.050943363	0.126847265	0	0.175233178	0.060488968	0.034853247	0.053441003	0	0.025544989	0	0.027958336	0.133693308	0.078464226	0.072578515	0.057155953	0	0.023534327	0.001640073	0	0.009416696
TCGA-BR-A4J5-01A-21R-A251-31	0.106623606	0	0.045391071	0.074097557	0	0.191889306	0.013371098	0.022176349	0.058564355	0	0	0.000746045	0	0.230475615	0.034158925	0.128835063	0	0	0.090330368	0	0	0.003340643
TCGA-RD-A8N5-01A-12R-A36D-31	0.041002557	0	0.002998353	0	0	0.17547602	0	0	0	0	0.055947916	0	0.039431472	0.257030492	0	0.144768457	0	0.023683913	0	0.123697815	0	0.135963004
TCGA-HU-8608-01A-11R-2402-13	0.118652574	0	0.130256307	0.116822177	0	0.164774769	0.039028118	0.043455444	0.02750844	0	0.034848843	0	0	0.036474594	0.137152585	0.07442258	0.027854114	0.020999146	0.027750309	0	0	0
TCGA-CG-5724-01A-11R-1602-13	0.004415183	0.025505243	0	0.108124032	0	0.122352287	0.060378602	0.007042892	0.05909847	0	0.011515923	0	0.017648422	0.126701275	0.096546255	0.204747873	0.001061455	0.013371307	0	0.110804848	0	0.030685933
TCGA-BR-8678-01A-11R-2402-13	0.078697004	0	0.007609033	0.17215883	0	0.040928273	0.050973614	0.040110146	0.019441843	0	0.004346983	0.018764124	0	0.301270921	0.19078715	0.064375936	0	0	0	0.00956016	0.000975983	0
TCGA-D7-A4Z0-01A-22R-A251-31	0.200561971	0	0.031089785	0.044112769	0	0.221967611	0.018934583	0.024059225	0.062091328	0	0	0.009478506	0.014989513	0.069500988	0.013457963	0.021217441	0.101751016	0.047167403	0.094014379	0	0	0.025605519
TCGA-BR-8588-01A-11R-2402-13	0.108322617	0	0	0.201497447	0	0.129982558	0.07046123	0.047269658	0.03356507	0	0	0.038817317	0.004081792	0.08796146	0.057214004	0.097087565	0.016990658	0	0.070553218	0	0.001002558	0.035192846
TCGA-IN-A7NR-01A-11R-A354-31	0.180025639	0	0.0656796	0.123378139	0	0.26009056	0	0.017727019	0.068434795	0	0	0.061136524	0.014820279	0.000194319	0.034003707	0.064039744	0.00788598	0.037271471	0.065312225	0	0	0
TCGA-VQ-A8PQ-01A-11R-A414-31	0.168749776	0.187784649	0	0.097416289	0.051051008	0.229454674	0.019214518	0	0.104541797	0	0.007303986	0	0.001627059	0.059384331	0.038695097	0.021341874	0	0.005182424	0.008252518	0	0	0
TCGA-BR-8369-01A-11R-2343-13	0.287103464	0.052942239	0.01275642	0.025396891	0	0.237049081	0.00139217	0	0.011385532	0	0.009250851	0	0	0.204554184	0.047509435	0.07941485	0	0	0.031244883	0	0	0
TCGA-BR-6453-01A-11R-1802-13	0.28777874	0.043969242	0.036976073	0.118711165	0	0.123019843	0.028091107	0.013165375	0.048958763	0	0	0.037654963	0	0.069141195	0	0.078333951	0.028842994	0.031542648	0.048700469	0	0.003855044	0.001258429
TCGA-BR-6457-01A-21R-1802-13	0.105669954	0.010294943	0.118418739	0.138297078	0	0.201763801	0.053561101	0.014267158	0.018199096	0	0	0.02563071	0.010548289	0.022327329	0.06935239	0.0552389	0.053179648	0	0.103250865	0	0	0
TCGA-VQ-A925-01A-11R-A414-31	0.118461065	0	0.009048149	0.186030458	0	0.440930433	0.03327017	0.001359528	0.033981902	0	0	9.99E-06	0.009317258	0.026607234	0.050272377	0.05665779	0.015003503	0.00956306	0.009487085	0	0	0
TCGA-CG-4301-01A-01R-1157-13	0.140651817	0	0.019974098	0.016402032	0	0.25813266	0.014623791	0.025761349	0.002420161	0	0.007293925	0	0	0.066670343	0.066336553	0.213886813	0.062850658	0.001592134	0.041115594	0.020944879	0.027726946	0.013616248
TCGA-CG-5719-01A-11R-1602-13	0.033730855	0	0.083208935	0.037633533	0	0.213642463	0	0	0.066027869	0	0	0.035786713	0.006957346	0.340359202	0.022484428	0.11321632	0.002420148	0	0	0.031572091	0	0.012960095
TCGA-BR-6803-01A-11R-1884-13	0.234847621	0	0.062482982	0.153540787	0	0.252997226	0.016745521	0.034133191	0.045714839	0	0.008416457	0	0.013723698	0.007330843	0.045755704	0.064565237	0.01863539	0	0.041110506	0	0	0
TCGA-CD-5801-01A-11R-1602-13	0.117481323	0	0.038166925	0.3929097	0	0.037222023	0.190722511	0.01323124	0.027937165	0	0.012239902	0	0.007271937	0.000264805	0.061662311	0.085070609	0.012337211	0	0.002900058	0	0	0.000582281
TCGA-CD-A489-01A-11R-A24K-31	0.225044753	0	0	0.153351174	0	0.246956287	0	0.021166931	0.024985063	0	0	0.049964274	0.004639971	0.017112974	0.034571972	0.119838353	0.03447644	0	0.067891807	0	0	0
TCGA-HU-8602-01A-11R-2402-13	0.024030444	0	0.020207901	0.039314846	0	0.181388595	0.094928842	0.004716973	0	0	0.024375664	0	0	0.313637893	0.125236474	0.077901969	0	0	0	0.070070694	0.000220454	0.02396925
TCGA-CG-5717-01A-11R-1602-13	0.088913655	0	0	0.104815396	0	0.182751327	0.053190697	0.02002718	0.087044677	0	0.025578539	0	0.017149872	0.064479466	0.11065409	0.063970885	0.037297083	0.020623606	0.115679975	0	0	0.007823551
TCGA-FP-A8CX-01A-11R-A36D-31	0	0.03485751	0.07417379	0.098570182	0	0.165627021	0	0.020025751	0.097087952	0	0	0.049751698	0	0.22802778	0.064873259	0.09459422	0.015819728	0	0.050493651	0	0	0.006097458
TCGA-RD-A8N4-01A-21R-A36D-31	0.123543085	0	0	0.170941851	0	0.307930956	0.02035658	0	0.039875882	0	0	0.013368027	0.011203866	0	0.102844326	0.14193666	0	0.000512838	0.067485928	0	0	0
TCGA-HU-8249-01A-11R-A36D-31	0.099381916	0	0.004278665	0.114834186	0	0.10155405	0.147284909	0.007006825	0.032254938	0	0	0.042503606	0	0.160395237	0.052216547	0.042531767	0	0	0	0.1890112	0	0.006746155
TCGA-D7-8574-01A-13R-2343-13	0.002280764	0.35713967	0.013259692	0.13696727	0	0.244760715	0.011630385	0.015644464	0.06688761	0	0	0.011870549	0.00193096	0.052603797	0.020349916	0.050070835	0	0.003657333	0.01094604	0	0	0
TCGA-CD-8530-01A-11R-2343-13	0.071162756	0	0	0.10296454	0	0.248536708	0	0.008578293	0.077150458	0	0	0.007110183	0.008820036	0.043143617	0.023557351	0.155762371	0.111518511	0.019629273	0.024903259	0.097162645	0	0
TCGA-MX-A5UG-01A-21R-A31P-31	0.082052867	0.16459828	0.015440233	0.068008308	0	0.26313273	0.022829401	0.0332556	0.075114232	0	0.028171043	0	0.017426889	0.07230304	0.023734103	0.048531648	0.025555553	0.021796038	0.005028332	0.020611156	0.003785311	0.008625236
TCGA-CG-4475-01A-01R-1157-13	0.026953013	0	0.009179082	0	0	0.268843679	0.002433289	0	0	0	0.025804859	0	0.002241367	0.133718605	0.002977862	0.097195058	0	0.057023191	0	0.221128007	0.071909349	0.080592638
TCGA-IN-8462-01A-11R-2343-13	0.165864223	0	0.064695015	0.061900299	0	0.095877733	0.040187592	0.013471257	0.075366899	0	0	0.038642663	0.004152731	0.058567566	0.117405471	0.080706447	0.062284332	0	0.120877771	0	0	0
TCGA-BR-7715-01A-11R-2055-13	0.063823186	0	0.007458799	0.053820338	0	0.180472045	0.0173673	0.039105572	0.015269583	0	0.010881861	0	0	0.429504551	0.054443745	0.101222788	0	0	0.026630232	0	0	0
TCGA-BR-A4J9-01A-12R-A251-31	0.093004556	0.115154267	0.017536978	0.121581903	0	0.339287123	0.002513159	0	0.054916878	0	0	0.045073734	0.012728809	0.027624914	0.08717094	0.057853313	0	0	0.025553427	0	0	0
TCGA-BR-A4J6-01A-11R-A251-31	0.221556979	0	0.328929784	0.090189983	0	0.148595402	0	0.024510785	0.01486494	0	0	0.051454969	0.009940319	0.00035424	0.009528928	0.044287147	0.017285363	0	0.038501161	0	0	0
TCGA-BR-8380-01A-11R-2343-13	0.103708709	0	0.025739902	0.125070563	0	0.192190947	0.014539044	0.04274744	0.035756206	0	0	0.001455	0.025334188	0.094471005	0.065966505	0.137366183	0.040044678	0	0.095609632	0	0	0
TCGA-BR-6563-01A-13R-2055-13	0.142905652	0	0.047059794	0.247799402	0	0.065731374	0.037919322	0.027492187	0.073999889	0	0	0.008425127	0.011997377	0.083484005	0.057605092	0.068196826	0.076395362	0	0.05098859	0	0	0
TCGA-CD-5798-01A-11R-1602-13	0.011208299	0	0	0.107943168	0	0.242858852	0	0	0.05551563	0	0	0.046815905	0.05343472	0.057242204	0.037863219	0.254577678	0.051241236	0.021218974	0.021934262	0.037177745	0	0.000968108
TCGA-VQ-A91N-01A-11R-A414-31	0.160320163	0	0.154218091	0.08837926	0	0.247847637	0.045452572	0.027713207	0.046033614	0	0	0.007763879	0	0.050601065	0.04271768	0.025112117	0.050634019	0.016927616	0.029740158	0	0.006538923	0
TCGA-CG-4306-01A-01R-1157-13	0.026753445	0	0.060226696	0.043578294	0	0.217111153	0.091394044	0	0	0	0.048548444	0	0	0.075791718	0.039473998	0.081377083	0	0.035920622	0	0.192776922	0	0.087047582
TCGA-D7-6521-01A-11R-1802-13	0.173313433	0	0	0.183312365	0	0.201330759	0.047147106	0.018966083	0.032196618	0	0.062243789	0	0.024020717	0.028882112	0.048291042	0.125032591	0.002300839	0	0.044032136	0	0	0.00893041
TCGA-BR-4280-01A-01R-1131-13	0.08456939	0	0.10274912	0.117173213	0	0.186823952	0.144479972	0.032930751	0.003254253	0	0.048519442	0	0.002968056	0.077205939	0.047310309	0.117790392	0.003305739	0	0	0.00808438	0.004028493	0.018806598
TCGA-VQ-AA6F-01A-31R-A414-31	0.196811336	0	0.0922174	0.091241858	0	0.2120516	0	0.029607929	0.063483504	0	0	0.039239479	0	0.05228164	0.116539445	0.023576705	0	0.01054216	0.072406944	0	0	0
TCGA-BR-7707-01A-11R-2055-13	0.043086486	0	0.044706709	0.105085178	0	0.173691489	0.10749546	0.040649337	0.034546443	0.010147004	0.041655405	0.000788976	0	0.080876741	0.088147237	0.084945853	0	0.033549402	0	0.085610523	0	0.025017758
TCGA-BR-6710-01A-11R-1884-13	0.219929371	0	0.217076161	0.125350786	0	0.175153401	0.002521226	0	0.039689806	0.013079344	0	0.024872073	0	0.007549429	0.005676014	0.010307777	0	0.010212831	0.143650271	0	0	0.004931511
TCGA-3M-AB47-01A-22R-A414-31	0.158011372	0	0.171735434	0.052098931	0	0.352636824	0.014768124	0	0.035017268	0	0.008374941	0	0	0.076975448	0.016982851	0.084577073	0.012021694	0.008366546	0	0.008433495	0	0
TCGA-BR-6458-01A-11R-1802-13	0.047135739	0	0	0.142949029	0	0.211956853	0.040325114	0.056907694	0.061811073	0	0.018016145	0	0.003610087	0.13234385	0.10539961	0.099085047	0.073412464	0	0.007047294	0	0	0
TCGA-HU-8610-01A-22R-2402-13	0.045573086	0	0.011280164	0.015484315	0	0.128887892	0.021163741	0.051775841	0.072890836	0	0.033644087	0	0	0.342288352	0	0.035196439	0	0.094416822	0	0.137801301	0.001490669	0.008106457
TCGA-IN-A6RN-01A-12R-A33Y-31	0.129996463	0	0.033014026	0.053217203	0	0.388296097	0	0.003425129	0.03020428	0	0	0.015133158	0	0.108394778	0.050772928	0.141150343	0.004417243	0.007571944	0.029378811	0.005027597	0	0
TCGA-BR-A44T-01A-32R-A24K-31	0.472981457	0.06559001	0.013479253	0.05747509	0	0.149582831	0.016482928	0.021090699	0.063922299	0	0	0.016808818	0	0.064659264	0.027524509	0.01744466	0	0	0.012958181	0	0	0
TCGA-VQ-A8E2-01A-11R-A36D-31	0.156070378	0	0.034826588	0.09233503	0	0.116382617	0.043349757	0.13420746	0	0	0	0.041250102	0	0.282859662	0.065191799	0.030437588	0	0	0.00308902	0	0	0
TCGA-D7-6525-01A-11R-1802-13	0.201160657	0	0.021245418	0.114930264	0	0.101815775	0	0	0.04988383	0	0.00679172	0.00272892	0	0.192198342	0.045690654	0.205054667	0	0.014127788	0.015683673	0.013447589	0	0.015240702
TCGA-CD-5804-01A-12R-2055-13	0.216536899	0	0.016521281	0.130462453	0	0.104394994	0.019269486	0	0.065722464	0	0.000414483	0	0.018123085	0.264938028	0.058164667	0.080631153	0	0	0	0.016235382	0	0.008585624
TCGA-B7-5818-01A-11R-1602-13	0.012870342	0	0	0.182465398	0	0.079133424	0.1370043	0.02437044	0.049055192	0	0.041905975	0	0.004730577	0.207297321	0.096016046	0.134988879	0.01169103	0	0.007420368	0	0	0.011050708
TCGA-FP-7829-01A-11R-2055-13	0.083938692	0	0	0.00703027	0	0.230538664	0	0.029020171	0.024147947	0	0.057603297	0.000424125	0.010013012	0.358072527	0.01007986	0.126770226	0.018186713	0	0	0.044174496	0	0
TCGA-CD-8535-01A-11R-2343-13	0.034304715	0	0.003853644	0.088457718	0	0	0.021726374	0.043307187	0.057175261	0	0	0.01906333	0	0.539794996	0.076161693	0.075959158	0	0	0.040195923	0	0	0
TCGA-BR-8080-01A-11R-2343-13	0.139545029	0	0.009755514	0.113281227	0	0.340524297	0	0.021463264	0.015154701	0	0	0.017406737	0	0.071609472	0.069741516	0.105528736	0.028547876	0	0	0.067441632	0	0
TCGA-BR-4187-01A-01R-1131-13	0.073803022	0	0	0.080099505	0	0.175464014	0.075945612	0	0	0.026247382	0	0	0.007124739	0.003144462	0.02671733	0.285967825	0.001081865	0	0.172433715	0	0.032957515	0.039013014
TCGA-MX-A666-01A-11R-A31P-31	0.400207634	0.060473804	0.063412866	0.06890916	0	0.167142406	0.012843319	0.054431319	0.030662273	0	0	0.000487387	0.003712751	0.071212089	0	0.016579271	0	0.028889513	0.021036208	0	0	0
TCGA-BR-6707-01A-11R-1884-13	0.103980866	0	0.085846586	0.250350417	0	0.135730681	0.1003135	0.04022756	0.035471685	0	0	0.015091264	0.012000381	0.079522121	0.064497106	0.061757	0.000557027	0	0.014653806	0	0	0
TCGA-FP-7735-01A-11R-2055-13	0.085245916	0.03356114	0.003222216	0.127853556	0	0.16137541	0.051458995	0.017339407	0.119187619	0	0	0.032401838	0.002604763	0.13252643	0.050751987	0.14469032	0.000660386	0	0.037120017	0	0	0
TCGA-CG-4444-01A-01R-1157-13	0.069458169	0	0.040890967	0.05188833	0	0.231019037	0.025099695	0.025586141	0.015318859	0	0.050345692	0	0.000880999	0.080882467	0.074833752	0.185816202	0.014428703	0	0	0.04974781	0.029319499	0.054483678
TCGA-ZA-A8F6-01A-23R-A36D-31	0.017891798	0.018196077	0	0.051992084	0	0.062737108	0.020446432	0.002602563	0.050019439	0	0.021751385	0	0	0.52766643	0.001645252	0.13385075	0.003278791	0	0.087921891	0	0	0
TCGA-CD-5813-01A-11R-1602-13	0.108270651	0	0.049235046	0.152217039	0	0.119548263	0.006092899	0.066409708	0.072083362	0	0	0.034116609	0.024694937	0.097406127	0.066733795	0.121172785	0.070866755	0	0	0.006365608	0.004786415	0
TCGA-RD-A7BW-01A-11R-A32D-31	0.043035671	0	0	0.365147552	0	0.174123493	0.000326445	0.032146312	0.047406022	0	0	0.07066542	0.048789182	0	0.05539555	0.118103814	0.024174233	0.007533718	0.006209866	0.006942721	0	0
TCGA-VQ-A8PM-01A-21R-A414-31	0.129957915	0	0.253937399	0.061457939	0	0.225398827	0.015174345	0.044014791	0.039369665	0	0	0.02164771	0.000344493	0.064849463	0.02215785	0.025251359	0.033088217	0.01690835	0.046441678	0	0	0
TCGA-R5-A805-01A-11R-A36D-31	0.038517725	0	0.030342352	0.049392499	0	0.130561131	0	0.01246039	0.036066674	0	0	0.020732994	0.010498576	0.138131093	0.014756123	0.121232551	0	0.071365077	0	0.084114805	0	0.24182801
TCGA-VQ-A8PD-01A-11R-A414-31	0.102913635	0.113661453	0.00808932	0.121086415	0	0.324076186	0.048338155	0.006904419	0.029022529	0	0.044267712	0	0.0017668	0.066523448	0.059103822	0.038984178	0.017075269	0.002959562	0.00255362	0	0	0.012673478
TCGA-FP-8099-01A-11R-2343-13	0.141275214	0	0.00536793	0.037976856	0	0.207489474	0	0.032805159	0.055980657	0	0	0	0.001523928	0.331173225	0.086780847	0.096767431	0	0.002859279	0	0	0	0
TCGA-CD-8526-01A-11R-2343-13	0.132191012	0	0.029551799	0.081545443	0	0.192357411	0.062913862	0.08290585	0.077134323	0	0	0.019153741	0	0.162388989	0.037948014	0.086217232	0.001065235	0.031687084	0.002940004	0	0	0
TCGA-FP-A9TM-01A-11R-A39E-31	0.308593982	0.281075156	0.033147892	0.025059721	0	0.179182749	0.014718983	0.049592839	0	0	0	0	0	0.045164033	0.021545374	0.018254907	0	0.008042361	0.015622004	0	0	0
TCGA-CG-4476-01A-01R-1157-13	0.12737347	0	0.015182458	0.061712028	0	0.253324413	0.036653263	0.001871196	0.013335389	0.003103199	0	0	0	0.048682273	0.02792332	0.200407714	0.054971156	0.000654849	0.120275307	0	0.016494745	0.018035219
TCGA-SW-A7EA-01A-12R-A354-31	0.016637458	0	0.014287368	0.247591454	0	0.131840994	0.068806019	0.05348312	0.027603419	0.004107777	0	0.104465955	0	0.02749687	0.129325148	0.061712509	0.017113759	0.061003785	0.026397332	0	0	0.008127032
TCGA-HF-7132-01A-11R-2055-13	0.029608318	0.065258145	0.025346892	0.14365639	0	0.228384752	0.040056583	0.048767151	0.066544508	0	0	0	0	0.10481835	0.086186382	0.052169006	0.059709638	0	0.030493631	0	0.013878278	0.005121977
TCGA-D7-A6EX-01A-11R-A31P-31	0.205325572	0	0	0.089564208	0	0.25369333	0.002766161	0.064756203	0.083450479	0	0	0.038348814	0	0.008544889	0.079135745	0.119399045	0	0	0.055015552	0	0	0
TCGA-HU-A4GQ-01A-11R-A36D-31	0.030754692	0	0.002904404	0.107595159	0	0.095420461	0.167725249	0.052215867	0.006020185	0	0.007191585	0.015307596	0.011649568	0	0.201661592	0.172251824	0.00205482	0.048882606	0.078364393	0	0	0
TCGA-BR-8592-01A-11R-2402-13	0.145106735	0.026808105	0.033102219	0.102266463	0	0.316122039	0.039729162	0	0.039418378	0	0	0.010759593	0.020195985	0	0.029003406	0.170984329	0.015648415	0	0.050855172	0	0	0
TCGA-BR-8291-01A-11R-2343-13	0.061205396	0	0	0.156703633	0	0.149997038	0.034536839	0	0.056523893	0	0	0.031399018	0.010177873	0.023448664	0.017337007	0.254116455	0.069072963	0	0.13548122	0	0	0
TCGA-D7-A6EY-01A-21R-A31P-31	0.12527191	0.012419477	0.041290467	0.104303681	0	0.21890711	0.033554048	0.051615387	0.071292595	0	0	0.027127387	0	0.082893427	0.095539642	0.074271712	0.011586598	0	0.026254848	0	0	0.023671711
TCGA-HU-A4HB-01A-12R-A251-31	0.217769916	0.099000476	0.060436385	0.066905889	0	0.240070097	0.001214118	0.052034508	0.066755173	0	0	0.010482296	0	0.114624577	0.021883241	0.020558977	0	0	0.028264347	0	0	0
TCGA-BR-8367-01A-11R-2343-13	0.146648659	0	0.010120243	0.083210612	0	0.269022251	0	0	0.000585339	0	0	0.033674863	0.029187928	0.052247908	0.015709786	0.137897557	0.032894938	0.007496596	0.181303319	0	0	0
TCGA-CD-A4MG-01A-11R-A251-31	0.151705185	0	0.028889874	0.040108519	0	0.25362393	0	0.036091326	0.008315358	0	0	0.022656169	0.002077095	0.140296319	0.072806682	0.17431219	0.041621761	0	0.010059866	0	0	0.017435726
TCGA-HU-A4GX-01A-12R-A251-31	0.00366362	0.002121687	0.073907672	0.41585312	0	0	0.201611969	0.045269357	0.016857582	0	0	0	0.001228465	0	0.14200989	0.070460439	0.008779121	0	0.015655895	0	0	0.002581183
TCGA-D7-A4YX-01A-11R-A251-31	0.032731515	0	0.002078532	0.26059482	0	0.087328405	0.105074535	0.053046154	0.014746345	0	0	0.043118275	0.012563775	0.031194615	0.159005883	0.113261765	0.024432489	0.011824661	0.048998231	0	0	0
TCGA-CD-5800-01A-11R-1602-13	0.167611564	0	0	0.101054288	0	0.084898343	0	0.076727517	0.009349145	0	0	0	0.011908658	0.370193512	0.044767355	0.055626299	0	0.022523196	0	0.055340122	0	0
TCGA-HU-A4GJ-01A-11R-A251-31	0.235228172	0.078923277	0.107727293	0.113946336	0	0.212200965	0.028096369	0.092703321	0.018930183	0	0.001531993	0	0	0.042567219	0.002664185	0.026871975	0	0.01781104	0	0.020797673	0	0
TCGA-BR-8296-01A-11R-2343-13	0.175029652	0.099752417	0.048565401	0.120410154	0	0.235236355	0.042265266	0	0.07986779	0	0.009381851	0	0.000541379	0.055296109	0.045185602	0.040216196	0	0.03081303	0.017438798	0	0	0
TCGA-IN-A6RR-01A-12R-A32D-31	0.12127633	0	0.01133302	0.254887624	0	0.218374899	0.065994437	0.023329958	0.001370822	0	0.059409464	0	0.036112594	0.026489202	0.047037635	0.060199614	0.018085713	0	0	0.051111477	0.004987212	0
TCGA-HF-7131-01A-11R-2055-13	0.185058725	0	0.067282067	0.06617724	0	0.320538324	0.01771327	0	0.066363461	0	0.027482286	0	0.011895328	0.072047147	0.026457778	0.05359633	0.000712951	0.01737686	0.003122066	0.019903449	0	0.044272717
TCGA-HU-8238-01A-11R-2343-13	0.099871852	0	0.003972698	0.070253098	0	0.161419871	0.00224461	0.03101303	0.06824248	0	0	0.03773325	0	0.166495685	0.057520244	0.077648428	0	0.039733678	0.154645606	0.013912174	0	0.015293295
TCGA-HU-A4GH-01A-11R-A24K-31	0.217918161	0	0.013839248	0	0	0.287373496	0	0	0	0	0.020723497	0.003770605	0	0.272817813	0.024383357	0	0.002185616	0.01209097	0	0.086666236	0	0.058231001
TCGA-BR-6705-01A-12R-1884-13	0.122098166	0	0	0.111208155	0	0.216529576	0.012871081	0.032247993	0.102387218	0	0.017235904	0	0.010280832	0.099544296	0.082148728	0.099484296	0.027525422	0.015415139	0.051023194	0	0	0
TCGA-BR-8590-01A-11R-2402-13	0.134385574	0	0.071176512	0.073824073	0	0.296569249	0.003203289	0.018933165	0.041152085	0	0	0.01435883	0.008002973	0.041709393	0.053310534	0.166769913	0.007798529	0.017207007	0.051487875	0	0	0.000111001
TCGA-VQ-A8P8-01A-11R-A39E-31	0.152348389	0.1543556	0.053734788	0.100858154	0	0.247709275	0.004470349	0.014276659	0.078598339	0	0	0	0	0.052817408	0.015074729	0	0.029722104	0.021006079	0.052792453	0.022235673	0	0
TCGA-CG-4438-01A-01R-1157-13	0.041330889	0	0.006725617	0.133600168	0	0.224461221	0.239803337	0.016316304	0	0	0.010254986	0	0.005805259	0.059111609	0.08021924	0.130777199	0.011651079	0	0.039943092	0	0	0
TCGA-CG-4462-01A-01R-1157-13	0.03079343	0	0.004801314	0.010730214	0	0.219936754	0.020672039	0	0	0	0.023023204	0	0.021219862	0.047465388	0.007856269	0.234085759	0.02236535	0.045267847	0	0.03829972	0.038250048	0.235232804
TCGA-D7-6528-01A-11R-1802-13	0.074477072	0	0.006524296	0	0	0.184012534	0	0.027386292	0.00559674	0	0.01973735	0.004989457	0	0.399248069	0.06391556	0.095777986	0	0.003036182	0	0.115298464	0	0
TCGA-BR-8486-01A-31R-2402-13	0.126173019	0	0.027450518	0.013837672	0	0.273496289	0.077226913	0.031452471	0.055041389	0	0.050139281	0	0	0.248320341	0.022225968	0.042867052	0.004905654	0.005380208	0	0.021483225	0	0
TCGA-VQ-A8PF-01A-11R-A414-31	0.138037179	0	0.086936652	0.17635563	0	0.123143336	0.129045279	0.02313774	0.025382902	0	0.034908466	0	0.007726896	0.017173376	0.08625789	0.103819909	0.012801582	0.0098437	0.025429463	0	0	0
TCGA-VQ-A928-01A-11R-A414-31	0.054853368	0	0.008881909	0.02716513	0	0.272217481	0	0.025801136	0.033176019	0	0.04977981	0	0	0.349500411	0.011810524	0.018071078	0	0.015821377	0	0.125683838	0.000324764	0.006913156
TCGA-CD-8529-01A-11R-2343-13	0.117488208	0	0.149823263	0.075914918	0	0.168323343	0.036815387	0.022924325	0.057904156	0	0.000943432	0	0	0.14509443	0.059394252	0.127558644	0.011948594	0	0.023960911	0	0	0.001906137
TCGA-R5-A7O7-01A-11R-A33Y-31	0.09892924	0	0.043486495	0.045745406	0	0.3776752	0.074345744	0.012347486	0.095175679	0	0.001464118	0	0	0.092457035	0.054970603	0.027532606	0	0.015525967	0	0.045396278	0	0.014948143
TCGA-BR-8384-01A-21R-2402-13	0.094187783	0	0	0.214915141	0	0.25216552	0.024021076	0	0.037563715	0	0	0	0.013622733	0	0.044919042	0.166945215	0.059717214	0.016655293	0.075287267	0	0	0
TCGA-F1-A448-01A-11R-A24K-31	0.140177874	0	0.071778434	0.03948584	0	0.149675358	0.019309829	0.017620791	0	0	0.012429431	0	0	0.243257405	0	0.073329339	0	0.005982103	0	0.180193053	0	0.046760542
TCGA-BR-4253-01A-01R-1131-13	0.02350756	0	0.002144648	0.203509528	0	0	0.312685718	0.000832185	0	0.030319718	0.065484507	0	0	0.062084035	0.108559196	0.142640108	0.006032029	0.005758628	0.024261384	0	0.001855505	0.010325252
TCGA-IN-7808-01A-11R-2203-13	0.188722614	0.136102047	0.053270326	0.163256669	0	0.130059636	0.002435921	0.031361695	0.101040533	0	0	0.042646201	0	0.04503789	0.03868859	0.047216113	0	0	0	0.013791169	0.001358636	0.005011958
TCGA-IN-AB1V-01A-21R-A414-31	0.076570471	0.146546244	0.024734953	0.156826475	0	0.270338459	0	0.020658996	0.061465466	0	0	0.071212263	0.026569141	0	0.03130099	0.058370783	0.018416504	0.013975121	0.020962017	0	0	0.002052117
TCGA-CD-A4MH-01A-11R-A251-31	0.148398316	0	0.239961702	0.09340593	0	0.108213209	0	0.078467295	0.03179906	0	0	0.013776507	0	0	0.084677786	0.051078214	0.111048105	0	0.031838813	0	0	0.007335064
TCGA-CG-5716-01A-21R-1802-13	0.031813076	0.09796927	0.218583074	0.108988869	0	0.227084514	0.01427441	0.03823529	0.058557778	0	0.002928725	0	0	0.025534759	0.007476996	0.045460655	0.032427711	0.016821608	0.042530304	0.008682123	0.002899466	0.019731373
TCGA-F1-6874-01A-11R-1884-13	0.008365713	0	0.000916349	0.043099232	0	0.14553549	0.076641897	0	0.003065285	0	0.062201634	0	0	0.416214669	0.073256991	0.04274165	0	0	0	0.093725145	0	0.034235945
TCGA-D7-6524-01A-11R-1802-13	0.024447828	0	0	0.068258375	0	0.16415995	0.005488308	0	0.019421597	0	0	0	0.00181399	0.119022416	0	0.100861514	0.050490986	0.048649148	0	0.232951615	0	0.164434273
TCGA-BR-A4IV-01A-31R-A251-31	0.067988047	0	0.034272139	0.062199287	0	0.290255372	0.018908062	0	0.060285812	0	0	0.017632434	0.006730485	0.035598779	0.030889411	0.220406001	0.027485143	0.00034332	0.105098522	0.010452869	0	0.011454316
TCGA-HU-A4H6-01A-11R-A251-31	0.18389619	0.021041877	0.062751849	0.037203538	0	0.168206808	0.033529098	0.056469616	0.037367278	0	0	0.046843407	0	0.086850364	0.071099289	0.02756808	0.004952665	0.006824677	0.094116202	0	0	0.061279062
TCGA-BR-4368-01A-01R-1157-13	0.078141285	0	0.00142676	0.144698992	0	0.261194442	0.120887431	0.032646631	0	0	0.016903116	0	0	0.036131991	0.107034943	0.138974896	0.006441873	0	0.017200558	0.00741775	0.02512142	0.005777913
TCGA-RD-A8NB-01A-12R-A39E-31	0.135835559	0	0	0.054111915	0	0.233620663	0.04509534	0.063443278	0.056104982	0	0	0.072518221	0	0.036124133	0.136399794	0.063600437	0.023708981	0.005981964	0.057895326	0	0	0.015559407
TCGA-KB-A93G-01A-11R-A39E-31	0.018252768	0	0.000521623	0	0	0.15623076	0	0	0	0	0.031949577	0	0	0.307377751	0.010026307	0.068568986	0	0.037513356	0	0.252022306	0.016613192	0.100923373
TCGA-BR-6802-01A-11R-1884-13	0.05805165	0	0.014599261	0.244939041	0	0	0.175808071	0.051533106	0.075103945	0	0.081318256	0	0	0.055858332	0.036584644	0.065163303	0	0.103371657	0.02893467	0	0	0.008734063
TCGA-R5-A7ZR-01A-11R-A354-31	0	0.107868859	0.038167401	0.081393252	0	0.245211134	0	0	0.106573462	0	0	0.069461303	0.007283425	0.139363333	0.053671143	0.097860553	0.00321099	0.021603571	0.016389476	0.011942097	0	0
TCGA-BR-8682-01A-11R-2402-13	0.060238431	0	0	0	0	0.165313268	0	0.00205961	0.062665863	0	0	0.036028533	0	0.422346255	0.027758807	0.14373176	0	0	0.079857473	0	0	0
TCGA-IN-A6RL-01A-11R-A32D-31	0.145643379	0	0.063459645	0.073204727	0	0.258442519	0.022107305	0	0.061022169	0	0.010725812	0	0.022401581	0.003684618	0.114420482	0.148126352	0.014783026	0.008696237	0.048552942	0	0	0.004729207
TCGA-BR-7197-01A-11R-2203-13	0.078082904	0	0.004890451	0.049602845	0	0.190469243	0	0.008567492	0.044836882	0	0.013572712	0	0	0.406585818	0.099204933	0.092025795	0.002755922	0	0.009405003	0	0	0
TCGA-HJ-7597-01A-21R-2203-13	0.040343474	0.029668379	0.011963211	0.369928974	0	0.000141326	0.121194818	0.010953221	0.066417702	0	0.015134125	0.045659311	0	0.05480085	0.141474228	0.044809073	0	0.002046716	0.03798998	0	0	0.007474613
TCGA-BR-8297-01A-12R-2343-13	0.17469212	0	0	0.132515452	0	0.244145212	0.020651372	0.026248279	0.049443215	0	0	0.055933898	0.012946719	0.038211682	0.094937587	0.056678698	0.002398648	0	0.091197118	0	0	0
TCGA-D7-A748-01A-12R-A32D-31	0.054160071	0	0.009283934	0.018739373	0	0.190921497	0.000568801	0.012897491	0.052731341	0	0	0.018278049	0	0.157814036	0.05154307	0.250310704	0.068218668	0.004115695	0.041968824	0	0	0.068448446
TCGA-VQ-A923-01A-11R-A414-31	0.087771659	0	0	0.207910522	0	0.25591953	0.043235842	0.058629031	0.074456595	0	0.013169595	0	0	0.055680078	0.109881691	0.019300337	0.043893479	0	0.030151642	0	0	0
TCGA-BR-4357-01A-01R-1157-13	0.099184284	0	0.023361736	0.0999058	0	0.238047905	0.105598857	0.017977273	0.000216654	0	0.04050874	0	0	0.134432577	0.063581426	0.133784319	0.017370184	0	0.014935106	0	0	0.011095138
TCGA-BR-7717-01A-11R-2055-13	0.18797344	0	0	0.13972092	0	0.139027699	0	0.040788703	0.024138295	0	0	0	0	0.200245918	0.070700634	0.126293534	0	0	0	0.071110858	0	0
TCGA-D7-8575-01A-11R-2343-13	0.156591615	0	0.028823649	0	0	0.135167473	0	0.025979722	0.042583664	0	0	0.011974008	0	0.483676293	0	0.057891734	0	0.008783031	0	0.045415698	0	0.003113114
TCGA-F1-A72C-01A-21R-A33Y-31	0.098175282	0	0.028707794	0.136727438	0	0.215184446	0.030961313	0.02410412	0.015563525	0	0	0.12414897	0	0.08027632	0.064126601	0.112336568	0	0.00923579	0.058624301	0	0	0.001827532
TCGA-BR-8484-01A-11R-2402-13	0.104832896	0	0.029933165	0.097935032	0	0.271465649	0.023834789	0.025699004	0.041239294	0	0	0.022120059	0	0.13882969	0.083619806	0.10875216	0.019494567	0	0.025709859	0	0	0.006534031
TCGA-BR-8361-01A-11R-2343-13	0.047884855	0	0.00363254	0.299968401	0	0.147115236	0.106942155	0.063481956	0.080931826	0	0	0	0.00306132	0.007892022	0.064080922	0.081495957	0.002923554	0.075715863	0	0	0.000272775	0.014600618
TCGA-CD-8524-01A-11R-2343-13	0.094726134	0	0.021143892	0.20210355	0	0.245946164	0.020310609	0.012705879	0.085943231	0	0	0	0.001770801	0.024526625	0.131389769	0.08880583	0.050794923	0	0.019832593	0	0	0
TCGA-CD-A48C-01A-11R-A24K-31	0.036265846	0.036723093	0	0.152025467	0	0.186748177	0.055041444	0.030875266	0.033154076	0	0	0.012112757	0	0.140257022	0.099137625	0.137793215	0.035786195	0	0	0.041732016	0	0.002347802
TCGA-BR-8676-01A-11R-2402-13	0.005241191	0	0	0.386260804	0	0	0.175153465	0	0.069294055	0.003628509	0	0	0.005594699	0	0.05191269	0.249234043	0.025910127	0	0	0.006602435	0	0.021167982
TCGA-VQ-A91Y-01A-11R-A414-31	0.05618249	0	0.007299938	0.097917995	0	0.353442904	0.00452058	0	0.094736631	0	0	0.026422897	0.006808131	0.02673042	0.094122663	0.137016371	0.04248009	0.005831594	0.046487297	0	0	0
TCGA-VQ-A8PE-01A-11R-A414-31	0.107376899	0.016009327	0	0.120085756	0	0.135211494	0.090851481	0.094447674	0.076733187	0	0.018013213	0	0	0.197682832	0.035319834	0.057652538	0.007107808	0.04204083	0	0.001467127	0	0
TCGA-BR-8686-01A-11R-2402-13	0.115683913	0	0	0.280436919	0	0.197356517	0.024140724	0.01431386	0.046489644	0	0	0.008450646	0.024844486	0.003012051	0.12583219	0.117923813	0.005536577	0	0.035978661	0	0	0
TCGA-HU-A4G3-01A-11R-A24K-31	0.041841858	0.019942297	0	0.075847895	0	0.358417173	0	0	0.00071874	0	0	0.102603557	0.016840612	0.052864486	0.0033274	0.134789382	0	0.016223309	0.116548488	0.027946864	0	0.032087938
TCGA-VQ-A94R-01A-11R-A414-31	0.070927681	0	0.005094079	0.092367612	0	0.325830597	0.026590083	0.035981858	0.036304371	0	0.031213009	0	0.016584674	0.033597103	0.14628619	0.124019706	0.012712928	0	0.042490108	0	0	0
TCGA-RD-A8MV-01A-11R-A36D-31	0.067436026	0.012962317	0.011731706	0.114315574	0	0.176792331	0.06484858	0.056500015	0.066640289	0.006670058	0.011583336	0	0	0.117018125	0.115360386	0.071945772	0.002643223	0.020898232	0.02960773	0	0	0.053046301
TCGA-HU-A4H3-01A-21R-A251-31	0.049532193	0	0.003781957	0.190536291	0	0.153794096	0.11269833	0.064441712	0.043029644	0	0.014678971	0.005455804	0	0.06880923	0.062735345	0.071414705	0	0.025336267	0	0.104582708	0.015444959	0.013727789
TCGA-VQ-A91Q-01A-12R-A414-31	0.135911634	0	0.008253238	0.022637647	0	0.368096691	0.022083791	0.00920024	0.061194802	0	0	0	0.012906081	0.098383599	0.082619807	0.038577998	0	0.093604946	0.005599325	0.038568901	0	0.0023613
TCGA-BR-7957-01A-11R-2203-13	0.092054257	0	0	0.054078908	0	0.213571458	0.013929477	0.063150767	0.03309312	0	0	0.010220163	0	0.144682603	0.059821799	0.125773688	0.01034768	0	0.162753671	0	0	0.016522409
TCGA-BR-6454-01A-11R-1802-13	0.048904728	0	0.048900697	0.252449741	0	0.196592719	0.117854442	0.074247417	0.070574273	0	0.005336112	0	0.005782788	0.032006988	0.067506522	0.045614546	0.022626041	0.003566738	0.001673375	0	0	0.006362873
TCGA-D7-8572-01A-11R-2343-13	0.093893697	0	0.006967242	0.061881485	0	0.115781418	0.028161081	0.018321861	0.018779322	0	0.032327437	0	0	0.398611329	0.045178479	0.099959132	0	0	0	0.078610069	0	0.001527447
TCGA-D7-8579-01A-11R-2343-13	0.030160424	0.04299263	0.004674632	0.063021917	0	0.230655845	0	0	0.053700511	0	0	0.020024319	0.03083659	0.026522113	0.01441192	0.145622938	0.082191812	0.006130571	0.14634613	0	0.046633669	0.056073977
TCGA-B7-A5TN-01A-21R-A31P-31	0.089327102	0	0	0.058397871	0	0.306850381	0.034105444	0.02010525	0.08669829	0	0	0.037031403	0	0.044291097	0.057642534	0.176797878	0.035293306	0	0.046078521	0	0	0.007380922
TCGA-BR-4267-01A-01R-1131-13	0.104368817	0	0.038049345	0.051646039	0	0.226652536	0.006521672	0.003500236	0.014516111	0	0.038384209	0	0	0.124503544	0.033959127	0.142515179	0.010144032	0.014746793	0	0.108525156	0	0.081967204
TCGA-B7-A5TI-01A-11R-A31P-31	0.076124203	0	0.02610551	0.112070571	0	0.154445404	0.083464961	0.044548167	0.062233427	0	0.001249081	0	0	0.112309208	0.126759238	0.119200527	0.030506153	0	0.049185014	0	0	0.001798535
TCGA-CD-8525-01A-11R-2343-13	0.106447344	0	0.000616254	0.229081368	0	0.116738169	0.062873074	0.041763048	0.039181584	0	0.027992776	0.00176274	0	0.180668017	0.105275599	0.071085453	0	0.000976494	0	0.005655765	0	0.009882315
TCGA-RD-A7C1-01A-11R-A32D-31	0.015975374	0.006709636	0.007583756	0.20673421	0	0.109348531	0.114836494	0.034966747	0.052246988	0	0	0.004784113	0.002604081	0.045554409	0.084523817	0.108878505	0.020820427	0	0	0.123118442	0	0.06131447
TCGA-D7-6519-01A-11R-1802-13	0.023014827	0	0	0.228536606	0	0.156645281	0	0.029103876	0.11929042	0	0	0.063420165	0.023115754	0.009625284	0.038773746	0.18121249	0.023161017	0.000761834	0.103338701	0	0	0
TCGA-VQ-A8P2-01A-11R-A36D-31	0.139795789	0	0.023832352	0.145376937	0	0.354004027	0	0	0.006944779	0	0	0.062455586	0	0.093547064	0.009444635	0.09393034	0	0.01090411	0	0.058484661	0.001279721	0
TCGA-BR-A4CS-01A-11R-A24K-31	0.023624168	0	0.008492303	0.024507656	0	0.238396631	0.074818058	0	0	0	0.043313141	0	0	0.147353625	0.026366991	0.039799045	0	0.084960429	0	0.180551145	0	0.107816807
TCGA-IN-A6RI-01A-11R-A32D-31	0.085752324	0	0	0.035016696	0	0.269084505	0	0	0.039959601	0	0.022146779	0	0	0.173894975	0	0.168291162	0	0.049412444	0	0.131283299	0	0.025158215
TCGA-MX-A663-01A-11R-A31P-31	0.130771355	0	0.007206581	0.092616169	0	0.17149335	0.002820354	0.026989789	0.050599452	0	0	0.009887147	0.019440452	0.14113102	0.054979342	0.106576293	0	0	0	0.181079362	0	0.004409333
TCGA-CG-5725-01A-11R-1602-13	0.096627779	0	0.009778219	0.215598448	0	0.086177907	0	0.05337421	0.011923106	0	0	0.000602405	0	0.225693007	0.066790049	0.180677481	0	0	0	0.048274861	0	0.004482528
TCGA-VQ-A8E3-01A-11R-A39E-31	0.067140739	0	0.007898063	0.192059707	0	0.065796395	0.164673117	0.03163214	0.012751825	0.097328583	0	0.064223445	0	0.026951873	0.004944521	0.072528233	0.004165993	0.117370261	0.070535106	0	0	0
TCGA-VQ-A8PJ-01A-11R-A414-31	0.128559935	0	0.058332134	0.040649206	0	0.329342996	0.001526256	0	0.016908443	0	0.007696024	0	0	0.247311678	0.093779187	0.058151231	0	0.01745755	0	0.00028536	0	0
TCGA-BR-7722-01A-31R-2203-13	0.05061778	0	0.003348525	0.066587478	0	0.238850938	0	0	0.095729619	0	0	0.034266553	0	0.109393952	0.032215316	0.177184726	0.06497741	0	0.126827704	0	0	0
TCGA-BR-8081-01A-11R-2343-13	0.064098937	0	0.019235934	0.102737184	0	0.14994419	0.090494397	0.077331273	0.059321676	0	0	0.022669168	0	0.17720916	0.10898081	0.092936928	0.007802843	0.009821625	0	0.017415876	0	0
TCGA-VQ-A8PO-01A-11R-A414-31	0.071532441	0.010229169	0	0.204349477	0	0.183237485	0.108634407	0.110211778	0.028142537	0	0.025557152	0	0	0.131029024	0.058639768	0.044426048	0.011864178	0.00111982	0	0.009467689	0.001559026	0
TCGA-VQ-A8PP-01A-21R-A414-31	0.134754424	0	0	0.229460428	0	0.146816303	0.095946431	0.067245143	0.019277859	0	0.025417498	0.020099349	0.004961423	0.077343958	0.076095118	0.081398681	0.006731905	0	0.01445148	0	0	0
TCGA-HU-A4GF-01A-11R-A24K-31	0.098385443	0	0.006283854	0	0	0.237365528	0.045310173	0.033108693	0.029216576	0.00666573	0.048579692	0	0.007718391	0.272500404	0.061367057	0.049609604	0	0.026504943	0	0.057189237	0	0.020194674
TCGA-BR-7959-01A-11R-2343-13	0.091045575	0	0.007185096	0.065817418	0	0.200348748	0.054268704	0	0.032739211	0	0.046088713	0	0.013047914	0.085685469	0.104635433	0.167957015	0.012944383	0.008837051	0.096631955	0	0	0.012767316
TCGA-BR-8483-01A-31R-2402-13	0.070431383	0	0.022135494	0.072285012	0	0.163039501	0.009625512	0.04643996	0.022387223	0	0.00185343	0	0	0.357325764	0.13049625	0.073093232	0	0	0.030887238	0	0	0
TCGA-D7-6526-01A-11R-1802-13	0.141281632	0	0.020660858	0.090397182	0	0.218547667	0	0.011319159	0.032458859	0	0.034968484	0	0.038664189	0.13317947	0.050230555	0	0.038437002	0	0	0.107288759	0.023519051	0.059047133
TCGA-BR-A4J8-01A-11R-A251-31	0.052944694	0.017719346	0	0.069386532	0	0.276801707	0	0.011278251	0.012399688	0	0	0.12525482	0.009956788	0.153496709	0.09138035	0.061767226	0.001040463	0	0.116573426	0	0	0
TCGA-D7-6520-01A-11R-1802-13	0.082642835	0	0	0.042035848	0	0.253537083	0.055271434	0.043031871	0.104506123	0	0.018551146	0	0.028073839	0.068715011	0.094385311	0.10295928	0	0.044665943	0.060544771	0	0	0.001079504
TCGA-BR-8058-01A-31R-2343-13	0.065496423	0	0	0.175588111	0	0.251362708	0.055887417	0.020973303	0.054541726	0	0	0.019829998	0.0076773	0.064393876	0.090686145	0.106979878	0.018101249	0	0.047519427	0	0	0.020962439
TCGA-HU-A4GP-01A-11R-A251-31	0.134951323	0	0	0.12324425	0	0.287705569	0.014715519	0.02554795	0.020296449	0	0	0.023945666	0.018361092	0.099377012	0.027434371	0.091259192	0.056194102	0.026467316	0.049684797	0.000815392	0	0
TCGA-BR-6456-01A-11R-1802-13	0.048753771	0	0	0.116692446	0	0.179797105	0.000949996	0.001753188	0.08973133	0	0	0.114993553	0.00148505	0.192640674	0.054156506	0.103902796	0.004626608	0	0.090516977	0	0	0
TCGA-FP-7916-01A-11R-2203-13	0.085390585	0	0.014114315	0.162256172	0	0.176375292	0.068763339	0.008991158	0.04933323	0	0.007269265	0.00145862	0.01370486	0.063605756	0.123623771	0.099162957	0.000209403	0.014239625	0.111501653	0	0	0
TCGA-BR-6565-01A-11R-1802-13	0.079430861	0	0.004415213	0.204877465	0	0.130702519	0.052544179	0.050405913	0.032222957	0	0	0.04184523	0.0187633	0.176727833	0.068709176	0.086074147	0.014630949	0	0.038650258	0	0	0
TCGA-VQ-A8PK-01A-12R-A414-31	0.085300618	0	0.022098328	0.078088013	0	0.202498622	0.093833597	0.029486271	0.103598757	0	0.005453105	0.061086371	0.014881256	0.131361404	0.153820116	0.014398693	0	0.004094848	0	0	0	0
TCGA-BR-8381-01A-11R-2402-13	0.03696113	0	0.045392799	0.29030534	0	0.127686751	0.101549995	0.066039092	0.072385665	0	0.005006715	0	0.002444441	0.069064627	0.064554468	0.096737259	0.013326807	0.003603421	0	0.00494149	0	0
TCGA-BR-8365-01A-21R-2343-13	0.089263177	0	0	0.169504245	0	0.340878348	0.014287308	0.016747557	0.047010453	0	0	0.014017625	0.014024345	0	0.063994891	0.14476748	0.017622412	0.009573778	0.058308379	0	0	0
TCGA-BR-4361-01A-01R-1157-13	0.033920982	0	0.003807519	0.115061454	0	0.202503869	0.115445092	0.032426196	0.031584704	0.026204658	0	0	0	0.038197354	0.111852062	0.240783528	0.019830951	0	0.00371954	0.005372282	0.017380177	0.00190963
TCGA-D7-A4YU-01A-21R-A251-31	0.051093347	0.01923426	0.010266202	0.109304002	0	0.209461836	0.091666432	0.04759557	0.066648959	0	0.035464174	0	0	0.084186784	0.140871386	0.098303247	0	0.0042324	0.031671402	0	0	0
TCGA-IP-7968-01A-11R-2203-13	0.078544217	0	0.001825656	0.341328256	0	0.104106846	0.073660739	0.075181722	0.039480808	0	0.01765485	0	0.010866897	0.051659345	0.069721939	0.070940547	0.048962291	0.004492672	0.010768761	0	0	0.000804456
TCGA-CG-5723-01A-11R-1602-13	2.98E-05	0.007468595	0.011328701	0.220933243	0	0.11807856	0.134298831	0.042352776	0.001111332	0	0.018886498	0.01133979	0.020578948	0.009386615	0.101826765	0.112064363	0.018453649	0.043934324	0	0.099545672	0.001579891	0.0268016
TCGA-FP-8631-01A-11R-2402-13	0.073632596	0	0.030384846	0.015030365	0	0.225906996	0.054375225	0.019932627	0.012336907	0	0	0.023897247	0	0.116468553	0.024838135	0.15373043	0	0.161789708	0.079730619	0	0	0.007945748
TCGA-HU-A4GT-01A-21R-A251-31	0.095818917	0	0.008499773	0.027381669	0	0.35163303	0.001968871	0.006455701	0.029734886	0	0	0.024830245	0.006565274	0.226853288	0.057998261	0.091945105	0.010515159	0.00813612	0	0.051663701	0	0
TCGA-IN-A6RS-01A-12R-A354-31	0.046771962	0	0.008082733	0.16519316	0	0.153263512	0.192533939	0.006847502	0.028715088	0	0.038692066	0	0	0.182358863	0.04135233	0.054532208	0	0.013661335	0	0.046531268	0	0.021464033
TCGA-BR-7958-01A-21R-2343-13	0.032446017	0.002727325	0	0.30207426	0	0.061363685	0.15790943	0.063879638	0.046473686	0	0	0.028324838	0.022038041	0.031355891	0.09156411	0.082008152	0.044155673	0.015509811	0.004872932	0.013296512	0	0
TCGA-CD-5799-01A-11R-1602-13	0.059060383	0	0.005820702	0.072400076	0	0.176443766	0	0.004949697	0.013581956	0	0	0.049058065	0.00137092	0.219257561	0.044787464	0.187888064	0	0.048253752	0	0.092904725	0	0.024222868
TCGA-ZQ-A9CR-01A-11R-A39E-31	0.067802754	0	0.018291178	0.159564835	0	0.170608566	0.120451749	0	0	0	0.056008078	0.00081964	0	0.139629314	0.099352576	0.104524677	0.011680242	0.011933882	0.022654903	0	0	0.016677604
TCGA-VQ-A94O-01A-11R-A414-31	0.071555993	0	0.01587661	0.043615517	0	0.217644385	0.061919096	0.072138021	0.085371944	0	0.055923463	0	0	0.180924883	0.002510828	0.042475601	0	0.012825507	0	0.136133989	0.001084162	0
TCGA-VQ-A91K-01A-11R-A414-31	0.025737167	0	0	0.094039083	0	0.281168927	0.017913352	0.049078503	0.051975574	0	0	0.056121445	0.005060187	0.117156587	0.052123503	0.167059935	0	0.016154854	0.055266009	0	0	0.011144873
TCGA-D7-8576-01A-11R-2343-13	0.03583002	0.044600467	0	0.063180936	0	0.175930869	0	0.003682994	0.028534304	0	0	0.031620197	0.029702723	0.185632788	0.046762716	0.137417405	0.035156604	0.017029355	0.164918621	0	0	0
TCGA-CG-5726-01A-11R-1602-13	0.098241234	0	0.011759136	0.123760031	0	0.228513603	0.05293304	0	0.019316674	0	0.039006459	0	0	0.16563611	0.055715623	0.131131909	0.027742103	0	0	0.032324601	0	0.013919477
TCGA-VQ-A922-01A-11R-A414-31	0.17202495	0	0.016254229	0.049503097	0	0.307749529	0.017890116	0.04538113	0.009738271	0	0	0.002458343	0	0.218155216	0.083453149	0.031230755	0	0	0	0.046161215	0	0
TCGA-VQ-A8PH-01A-12R-A414-31	0.048277328	0.03345001	0	0.178807337	0	0.367949252	0.000948318	0.100521573	0.047152377	0	0	0.030822715	0.016063664	0.090815687	0.026286691	0.016833109	0.011334541	0	0.030737397	0	0	0
TCGA-D7-6818-01A-11R-1884-13	0.044209032	0	0.022681349	0.027729223	0	0.128616551	0	0	0.02021741	0	0.005128024	0	0.008255585	0.113057786	0.029242506	0.406665742	0.030679868	0	0.060985573	0	0.029186212	0.073345139
TCGA-BR-8485-01A-11R-2402-13	0.074981084	0	0.015664583	0.238891688	0	0.281333037	0.065410916	0.022809127	0.043569597	0	0.027683808	0	0.015804409	0.099788993	0.031976695	0.053512161	0.013577242	0	0.01499666	0	0	0
TCGA-HF-A5NB-01A-11R-A31P-31	0.016330453	0	0	0.203226369	0	0.265103453	0.067562984	0.051302533	0.038522736	0	0	0.01863727	0	0.087449719	0.039624089	0.135005325	0.030626801	0	0	0.046608268	0	0
TCGA-BR-7716-01A-21R-2055-13	0.078245114	0	0.001633183	0.221894721	0	0.160273515	0.067105299	0.028132761	0.067708423	0	0	0.007802585	0.023330682	0.058194305	0.112675698	0.079652681	0.030555111	0	0.06279592	0	0	0
TCGA-BR-8284-01A-11R-2343-13	0.053284062	0	0.00379676	0.297755865	0	0.259808732	0.039789854	0.027507141	0.035679234	0	0	0.014818849	0.009853724	0.026380054	0.061192274	0.122152336	0.014316046	0	0.033665069	0	0	0
TCGA-BR-6852-01A-11R-1884-13	0.051518656	0	0.008433688	0.290563377	0	0.074408759	0.11020581	0.05205411	0.036770731	0	0.030345774	0.021191642	0	0.115254219	0.051079434	0.115855988	0.007625869	0.004667559	0.030024382	0	0	0
TCGA-VQ-A8DU-01A-11R-A36D-31	0.079566668	0	0	0.079076111	0	0.384981613	0	0.024462832	0.051366007	0	0	0.080831674	0.003437618	0.097655167	0.054898043	0.058538394	9.58E-05	0	0.080907281	0	0	0.004182752
TCGA-EQ-8122-01A-11R-2343-13	0.066873888	0	0	0.031476966	0	0.098724744	0.008552119	0	0.020280714	0	0.018484585	0	0	0.376193623	0.022113417	0.219591227	0	0.076700508	0.015215943	0	0	0.045792265
TCGA-BR-A4PF-01A-11R-A251-31	0.059596327	0	0.007067239	0.081531048	0	0.137451542	0.066667235	0.070520362	0.032786321	0	0.012141202	0	0	0.1285106	0.100556325	0.208612202	0.002542808	0	0.011946637	0	0.008295169	0.071774983
TCGA-BR-4371-01A-01R-1157-13	0	0	0.004213426	0.016221766	0	0.395502538	0.057531357	0.007558704	0.044266407	0.044100688	0.001259255	0	0	0.113421597	0.117324321	0.12018759	0.034559375	0.005799934	0.036157346	0	0	0.001895697
TCGA-D7-A74A-01A-11R-A32D-31	0.012647941	0.015870577	0	0.324352327	0	0.119676877	0	0.047721754	0.090370425	0	0	0.063083189	0.022680866	0.039895186	0.070205043	0.034243295	0.088548893	0.033277318	0	0.03490595	0.002520359	0
TCGA-BR-4191-01A-02R-1131-13	0.03678222	0	0.001499731	0.076183977	0	0.213856681	0.083196777	0	0.022603247	0	0.025983519	0	0.051851202	0.060458634	0.040832572	0.197328768	0.103720696	0	0.017311819	0	0.061224426	0.007165729
TCGA-VQ-A91U-01A-11R-A414-31	0.018929473	0.002666317	0.043995931	0.225958601	0	0.139547812	0.067031861	0.080391248	0.062866484	0	0.008725423	0	0	0.163321739	0.059290429	0.09515978	0.014999191	0	0.017115713	0	0	0
TCGA-B7-A5TJ-01A-11R-A31P-31	0.025538976	0.00384289	0	0.028987705	0	0.215093443	0.025717802	0.001753853	0.006305982	0	0.001150788	0.005225475	0	0.487275205	0.04234544	0.11901736	0	0	0.037745081	0	0	0
TCGA-BR-4370-01A-01R-1157-13	0.062513625	0	0.013437064	0.02620983	0	0.266353074	0.053651174	0.013518611	0	0	0.046207633	0	0	0.103634104	0.065961198	0.143083661	0	0	0	0.100326774	0.023100208	0.082003045
TCGA-VQ-A8E7-01B-11R-A414-31	0.080577413	0	0.01224914	0.044264236	0	0.270835078	0.077142235	0.012144008	0	0	0.067419724	0	0	0.159387018	0.077434407	0.121513656	0	0.003722769	0.054682962	0.000764851	0	0.017862506
TCGA-D7-6815-01A-11R-1884-13	0.056872808	0	0.016417098	0.046809003	0	0.183202927	0.045093176	0.010679995	0.0953942	0	0.04873897	0	0	0.324247195	0.044073534	0.111825412	0.001268596	0.003553612	0	0.006355471	0	0.005468004
TCGA-IN-A7NU-01A-22R-A354-31	0.042863592	0.004906475	0.034510916	0.089596077	0	0.186394901	0.118102816	0	0.109836704	0	0	0	0.003288912	0.080311797	0.097442881	0.146914523	0.02029365	0.021253316	0.030337473	0	0	0.013945967
TCGA-D7-8578-01A-21R-2343-13	0.068475042	0	0	0.138358949	0	0.235497757	0.001986369	0.035215041	0.076586935	0	0	0.05903295	0.003052462	0.036078503	0.050324055	0.205768649	0.014668977	0.013301533	0.055730152	0	0	0.005922626
TCGA-CD-8527-01A-11R-2343-13	0.048736369	0	0.007048546	0.249820862	0	0.105603363	0.10174676	0.049038586	0.046020231	0	0	0.07003201	0.004737631	0.068031369	0.05379922	0.093644507	0	0.059081187	0.036193994	0	0	0.006465366
TCGA-BR-8683-01A-11R-2402-13	0.085183045	0	0	0.122206797	0	0.220498545	0.029725782	0.067122806	0.093718252	0	0.002294901	0	0	0.132867	0.063908647	0.078547633	0.056318501	0.022846852	0.024761239	0	0	0
TCGA-BR-6452-01A-12R-1802-13	0.062150926	0	0.004400074	0.131169096	0	0.212888177	0.113100149	0.024996695	0.045741404	0	0.036303214	0	0	0.161199822	0.054001662	0.12187601	0.014553017	0	0	0.017619754	0	0
