id	Risk	CARS1	CISD1	SLC7A11	ACACA	KEAP1	SLC1A5	G6PD
TCGA-EP-A26S	low	2.338332273	3.184682891	0.156318946	2.634330725	4.494751603	1.276335265	1.177468813
TCGA-DD-AAVX	low	1.631597905	3.252184012	0.086258445	1.734377532	4.305707194	1.225041661	2.737698658
TCGA-ED-A7PZ	high	2.08121042	4.740718748	0.18429642	2.326085429	4.116802224	1.735431194	4.47580216
TCGA-LG-A6GG	low	1.955061668	3.438996992	0.904439858	1.749579318	3.757742281	0.754720183	2.108844574
TCGA-ED-A97K	high	2.528668579	3.040542145	1.183892349	2.550913467	3.961651108	4.153526496	3.80846434
TCGA-DD-AAVW	low	1.883005292	3.425697362	0.230818088	1.975272861	3.552636516	1.602549997	2.462511499
TCGA-UB-A7ME	low	2.399961283	2.489537027	0.042543149	1.803016197	4.328501165	2.596037054	2.202974004
TCGA-G3-A7M9	high	3.188783862	3.885406463	0.362547204	2.790835832	4.745437961	4.279812985	5.247073793
TCGA-DD-AACJ	high	2.283997312	4.024379081	0.041758237	3.188054294	4.707396683	0.931125914	4.272379338
TCGA-DD-A4NK	low	2.626276751	2.774846927	0.029623165	1.781953038	4.091120101	1.01497509	1.431001892
TCGA-DD-A3A5	low	1.747162223	3.815782392	0.154397206	0.741348157	4.622295519	1.057279738	1.718060835
TCGA-DD-AACF	low	2.293142084	3.508062227	0.017525907	1.159618207	4.510917625	1.5470801	1.477746223
TCGA-K7-A5RF	low	2.162284812	3.02961561	0.043588433	0.944798488	4.263238022	2.075275901	1.602503915
TCGA-ZP-A9D1	low	2.426839571	2.84147946	1.247378881	1.700174682	4.770380314	1.951187903	1.870554107
TCGA-DD-AADB	high	2.276731587	3.777478632	0.237960252	2.639082097	4.066959713	4.339763082	5.000834718
TCGA-DD-AAVZ	low	1.893727984	3.218436026	0.26449992	2.095510282	4.205075755	0.807219632	1.684064659
TCGA-BC-A216	high	2.478332478	3.219597741	0.145120092	2.376780739	4.586474734	3.602766851	2.256005513
TCGA-DD-A1EF	low	2.072998246	2.836647665	0.340276721	2.239798836	4.458681878	2.09028369	2.825877192
TCGA-DD-AADL	high	2.797413971	4.016901865	0.516607741	2.609149537	4.07394702	2.816720319	2.236718228
TCGA-KR-A7K8	high	4.567313619	3.044556217	0.118648901	1.075671589	5.015815996	2.594654598	3.733122189
TCGA-ED-A7PX	high	3.459866985	3.414009258	1.0010153	3.845038354	4.810271369	4.004745866	5.117820525
TCGA-DD-AADK	low	2.632714916	3.078963634	0.203703835	2.107507437	3.951440459	3.197791651	1.765897072
TCGA-BW-A5NO	high	1.786663268	2.919718395	0.393826819	2.761461025	4.830198017	2.832758596	2.762134043
TCGA-DD-A39W	high	1.481374898	3.112658436	3.947841925	3.131129803	5.022364706	0.949179902	1.9514233
TCGA-GJ-A9DB	high	2.709838271	3.402000103	1.141712016	2.45570413	4.380454485	2.611852718	3.461834982
TCGA-DD-A1EA	high	1.70212735	2.938943089	1.530252067	2.689344566	4.457188452	1.498943705	3.997759379
TCGA-UB-A7MD	high	2.404160335	2.82736298	2.466243655	1.802717663	5.193344784	3.03953973	4.124743346
TCGA-ES-A2HS	low	1.540818848	4.125090643	0.005850969	1.543436492	4.777909386	1.016790819	1.428050712
TCGA-G3-A3CJ	low	1.61040951	3.60842605	0.00836052	1.898326008	4.396530804	1.482590691	1.06571361
TCGA-FV-A3R2	high	2.956984438	3.911676244	0.184423128	2.893456381	4.382221096	4.655603706	2.746623203
TCGA-2Y-A9GZ	low	2.203691996	2.306239196	0.035439529	1.407849246	4.155930529	1.172345415	1.80091522
TCGA-4R-AA8I	low	1.999779611	3.509502034	0.395941753	1.179619328	4.700389778	1.517882883	1.757407772
TCGA-DD-A4NG	low	2.615648409	3.512392515	0.82582787	2.544971231	4.184496127	2.007793629	1.387247827
TCGA-RC-A6M5	low	1.76063485	3.767889932	0.790124681	1.501251105	3.960921256	2.421788011	2.73902523
TCGA-2Y-A9H0	high	1.963823288	3.36409052	0.208889778	2.134900063	4.076618095	1.771062395	4.017520213
TCGA-DD-A11B	low	1.555338613	3.910573419	0.017109168	1.323356233	3.812535191	0.625415453	1.799834578
TCGA-G3-A25V	high	2.168019707	3.7389537	1.25844415	1.647145015	4.04995046	3.350489892	2.773888752
TCGA-DD-AADQ	low	2.116485863	3.037707626	0.129855325	1.390700699	3.886483815	1.114283726	1.847788903
TCGA-CC-A8HS	low	2.352933061	3.040591239	0.068757927	2.768150653	3.911020405	3.031056187	2.339691262
TCGA-DD-A1EL	high	2.686520697	3.94779331	2.698046412	2.950575166	4.918457795	3.997612168	6.628337047
TCGA-WQ-AB4B	low	2.329110964	3.504762748	0.174458321	1.341550881	4.237628724	1.920701085	1.848282612
TCGA-5R-AA1C	high	1.911547018	3.548755955	2.180123031	1.901960089	5.074206985	0.849699804	3.234972434
TCGA-ED-A8O6	high	2.205856028	3.118549271	1.233559859	3.01141656	3.932884173	3.865298263	3.042015122
TCGA-DD-AADD	high	1.719670172	3.582754691	0.375283925	3.590485852	4.017268094	0.956172733	3.436616409
TCGA-BC-A10S	low	2.005545867	3.32184759	0.033081204	1.60662131	4.175320198	2.381490485	1.904746505
TCGA-DD-AAEB	low	1.94008592	2.734765322	0.264013303	1.303362269	4.007861966	1.294678382	1.308511743
TCGA-WX-AA44	high	2.220120346	2.931371416	1.416695465	2.227232162	4.968274649	4.80013371	4.577040834
TCGA-PD-A5DF	high	3.114791941	3.812058675	0.61490307	2.460827472	4.387528667	2.1274649	2.439835338
TCGA-YA-A8S7	high	2.767055352	3.557063253	3.046206405	1.936526005	5.029358794	6.094238604	7.86334505
TCGA-5R-AA1D	low	1.661185452	3.425469376	0.364881332	1.277133157	3.791115992	2.786484915	2.455349843
TCGA-DD-AACH	high	3.652680371	2.841451079	2.46406728	2.546083484	4.686604734	4.118013298	5.857564792
TCGA-CC-A8HV	high	2.845913715	3.585832664	0.470514375	2.805420621	4.632790516	5.00308002	5.048991606
TCGA-G3-AAV0	low	2.826526523	2.722048457	0.013510089	1.173569451	4.644617155	0.980848407	1.969961999
TCGA-DD-AAED	low	2.180810801	2.656290191	0.275409396	2.350443782	4.223252629	3.835406713	1.599513949
TCGA-ZS-A9CG	low	1.822563336	3.127315819	0.945117133	1.560595622	4.157025919	1.510550819	2.22005625
TCGA-K7-A6G5	high	2.106983086	3.553381394	0.18306951	1.668921962	4.001234779	2.835424096	2.857482831
TCGA-DD-AADS	low	1.567071286	4.087486603	0.003893089	0.877727683	3.891253909	1.452292316	1.174904277
TCGA-DD-AAEK	low	1.827383712	3.326138366	0.20268351	2.557171602	4.37020265	1.876949469	2.001440173
TCGA-DD-A4ND	low	2.070459056	3.488320906	0.28231786	2.649029985	3.712315137	2.319489901	2.636919219
TCGA-2Y-A9H7	low	1.65585737	3.080631401	0.0266447	2.718909774	4.214536723	1.426206777	2.208592795
TCGA-RC-A7S9	low	1.770650204	3.764279268	0.039416053	1.916989809	4.271132057	1.606194414	3.140670695
TCGA-DD-AADI	low	2.315417548	2.920803775	0.029191668	1.368421949	4.528241862	2.388979427	2.193634563
TCGA-DD-A4NA	high	2.977867324	3.881266208	0.87216345	2.162956654	4.163110634	3.007461227	3.335585155
TCGA-BC-A10T	low	1.865117887	3.739905334	0.173585185	2.528371528	4.317001545	1.766159637	2.066549401
TCGA-RC-A7SH	high	2.912958488	3.383084924	0.260078664	2.1889272	4.706524475	3.124262286	2.532446135
TCGA-WJ-A86L	high	2.614735047	2.638256683	1.366274648	3.110413526	4.330039166	1.735880857	2.208588113
TCGA-DD-AA3A	high	2.941781665	3.12877279	1.211594763	1.341896963	4.408232921	5.065445217	4.988419752
TCGA-CC-A7IE	high	2.423900288	3.10508063	0.588336287	2.701634662	3.657071732	4.087848923	3.228983187
TCGA-DD-AAVS	low	1.787294541	3.096231487	0.079504711	1.81854506	4.591037265	1.317216068	2.458350504
TCGA-DD-AAE7	low	1.993378004	2.418975996	0.144575304	1.027146265	3.883662845	1.856808852	1.412361525
TCGA-BC-A3KG	high	2.693573489	3.330283602	0.329615608	2.873313187	4.016847502	1.606781897	3.084849877
TCGA-DD-A3A2	low	2.568237425	3.605532262	0.018428607	2.069000925	4.370299614	0.688272133	0.88012346
TCGA-DD-AAVR	low	1.749830714	2.328767544	0.216175705	1.175882875	4.245593016	2.611103431	2.190505508
TCGA-CC-A7II	high	2.807703394	3.53170833	0.070531777	2.925705155	5.120717296	5.54334709	3.779096843
TCGA-DD-AACN	low	2.904554039	2.740235721	0.024285448	1.576937594	4.017892519	2.381821583	2.881554015
TCGA-2Y-A9GX	high	2.396724233	3.48219518	1.386780603	1.989096126	4.294027376	2.842662309	3.053948204
TCGA-CC-A3MA	high	1.976626487	4.172717919	0.300105094	2.537302529	4.376068766	2.840005729	4.715357476
TCGA-DD-AACQ	high	3.370091446	1.941318191	0.401622822	2.65103814	4.650240683	2.723008026	3.235924766
TCGA-RC-A7SF	high	2.451635779	2.775486551	0.219848027	2.153591023	3.99625134	1.276538948	3.652626455
TCGA-DD-AADW	high	2.418289813	2.527939845	0.356688438	2.784427554	4.430178204	1.64347065	3.150392977
TCGA-G3-A3CH	low	1.682350359	3.386255692	0.026135296	2.054392159	3.656578743	2.565894457	1.85593151
TCGA-DD-A1EI	high	2.645787877	3.461812723	0.908793236	3.126888631	4.634635666	3.969524438	3.900303624
TCGA-ZP-A9CZ	high	2.037536148	3.907097367	0.084303215	2.898482738	4.547323964	2.940579293	2.883817658
TCGA-KR-A7K0	high	1.957192885	3.509852896	1.179196999	1.817328959	4.282367149	2.679424924	2.901056096
TCGA-BC-A10Y	low	1.659579366	2.804044676	0.131228719	1.612358161	4.765909692	1.68908397	2.873762418
TCGA-ED-A8O5	low	2.037843951	3.069835673	0.190228236	1.425276136	4.099557795	1.63636059	1.930974204
TCGA-CC-A9FS	low	2.575160791	3.668813521	0.41477927	1.602919555	4.609562913	1.334981804	2.690627171
TCGA-UB-A7MB	low	2.845926557	3.974910126	0.354569287	3.622185391	5.068620943	2.063646514	1.58986174
TCGA-ED-A627	low	2.512712845	3.243855955	0.049674647	1.346645489	4.080858876	2.734389239	2.631775986
TCGA-XR-A8TE	high	2.321656266	2.169681967	3.005649339	2.416537663	4.277528069	2.340270282	2.386591077
TCGA-G3-A7M7	low	2.179692888	3.572959983	0.221687678	1.57706477	4.528300007	0.748050522	1.883403418
TCGA-G3-AAUZ	low	1.774423586	3.678643234	0.159163238	1.671891163	4.4086025	1.926886403	1.359011133
TCGA-RC-A7SK	low	1.691149544	3.101438631	0.050760367	1.917500881	4.626960632	1.595200481	2.524680552
TCGA-DD-AACI	high	2.267610103	3.597005487	0.595107653	0.988639756	4.870944147	3.56155954	2.760930514
TCGA-DD-A4NH	high	2.637081339	3.958078912	0.784014179	2.28674515	3.978739284	4.414302665	2.586884813
TCGA-WX-AA46	low	2.572541197	3.109955736	0.024554605	1.340252904	3.92397728	2.028814177	1.004597748
TCGA-DD-A4NQ	high	2.518867953	4.658536552	2.192250672	3.361124897	3.544693096	3.659045434	6.725045813
TCGA-G3-A5SM	low	2.630282446	3.631347622	0.395746464	1.405505028	3.695105213	2.104382624	2.695286764
TCGA-MI-A75E	high	2.001476924	3.382153573	0.413633723	2.358719763	4.749189911	1.996457083	2.758378658
TCGA-DD-A11D	low	2.268903238	2.662467349	0.107391306	1.904156504	4.376166032	1.326254879	1.287857593
TCGA-CC-5262	high	2.740313016	3.65091732	1.232109972	2.359587513	4.717287083	4.024641483	4.318587276
TCGA-2Y-A9GY	high	2.45340985	4.453764482	1.853942169	2.413840468	4.813248129	5.261353664	7.008455515
TCGA-ES-A2HT	low	1.654277881	3.161178895	0.17237294	1.424396497	4.470375472	2.036014792	1.243202323
TCGA-DD-AAW0	low	2.57345936	3.223657934	0.346240397	1.895961767	4.343338884	2.965048577	2.425220805
TCGA-G3-A3CI	low	2.321241786	2.915195039	0.533017562	1.470780482	3.56147767	2.207918145	1.895797009
TCGA-DD-AAVV	high	2.340018414	3.104286165	0.783659812	1.843865691	4.382262605	4.782740368	3.143019308
TCGA-DD-A39Y	high	3.483126988	4.216828102	2.268773019	2.925673826	4.868777622	4.855024921	7.064620986
TCGA-DD-A1EB	low	2.45414825	3.156150645	0.013750617	2.889600673	5.436168837	1.171853717	0.942186425
TCGA-DD-AAD1	high	2.702653554	2.746981067	0.59820225	2.789880711	4.264907941	3.267260566	2.880058164
TCGA-G3-A3CK	low	2.080345557	3.554329757	0.347308254	1.849713093	3.834878044	1.666782492	2.067852421
TCGA-DD-AACA	high	1.891361115	3.372096857	0.36015808	3.631394849	4.956513464	0.908601528	3.088242534
TCGA-5C-A9VH	low	2.209657044	2.997830901	0.152578297	1.956158902	4.314252049	1.881175155	2.637285876
TCGA-FV-A23B	low	2.089907918	3.146829521	0.168152412	2.744613213	4.149512205	1.538055364	2.159826461
TCGA-DD-AADR	high	1.907504861	3.615912962	0.69891045	2.132205675	4.728315644	1.943329128	3.728386397
TCGA-DD-A3A1	high	2.880825576	3.955853992	2.645468107	2.332990288	5.271616907	3.246393645	4.401243393
TCGA-DD-A4NR	high	2.581743867	3.321987244	1.394294072	2.761049912	4.284026934	3.947111599	4.112319812
TCGA-DD-AAC9	low	1.787285764	3.297369284	0.493451204	2.054094467	4.219232811	2.056551275	1.419420235
TCGA-CC-5259	low	2.073855529	2.959719345	0.032606227	1.207822277	3.505751225	2.293912791	2.0911179
TCGA-EP-A2KA	high	2.87337875	3.148495699	0.569172089	2.029128088	5.205664244	3.59434909	5.357916151
TCGA-DD-A1EC	high	2.350037492	3.655326638	1.260270803	2.832756166	4.667444264	3.227877208	3.391372079
TCGA-DD-AAD3	low	2.30312726	2.711732106	0.055146818	1.323277249	4.116251626	1.388759888	1.981329536
TCGA-DD-AACS	low	1.806706388	3.488128062	0.044028828	2.576615251	5.008636131	2.622434456	2.264113319
TCGA-BD-A3ER	high	2.377964405	2.776526415	0.589737029	2.159917825	4.406192418	2.705177288	2.863705579
TCGA-GJ-A6C0	high	3.099621752	3.028022734	0.868011322	1.504947282	4.216732668	3.065274161	2.581280135
TCGA-2Y-A9GS	high	2.705437425	3.143130523	2.039393914	2.526027734	2.347440873	3.555817382	4.869999191
TCGA-BC-A8YO	high	2.170334348	5.462469881	1.178912192	2.747517161	4.390980593	2.482877188	6.269890988
TCGA-CC-A9FW	high	2.354037686	3.787543212	0.990082084	3.44760128	4.37387368	1.327356254	3.226357316
TCGA-DD-A1ED	low	1.56177238	2.900200624	0.693550741	1.190532689	3.874649444	1.549657836	1.18630024
TCGA-EP-A12J	low	1.869717853	3.457205266	0.029881182	2.447184286	4.710783846	0.694132338	1.219025987
TCGA-DD-A1EJ	high	2.142606873	3.317813148	1.745085416	3.542246904	4.321010971	2.965074997	4.512126362
TCGA-G3-AAV2	low	1.769631271	2.804968793	0.031639869	1.764417074	4.619265094	0.911556988	2.5101239
TCGA-DD-AADY	low	2.044524218	1.857142994	0.07100862	2.440702428	4.242102468	2.417431828	1.095596359
TCGA-CC-5263	high	2.073465856	3.249740676	0.862364262	2.552064445	4.382359454	3.685783203	4.25208786
TCGA-DD-AADP	low	1.407111783	3.238286109	0.069772162	2.865719119	4.167269603	1.25741862	1.71129622
TCGA-BC-A69I	low	2.015063254	3.348031102	0.021170887	1.347942264	4.324539893	2.118960668	1.864524921
TCGA-DD-A4NO	low	1.511651211	3.434472508	0.130020749	2.326897689	4.576085515	2.907218339	1.942174036
TCGA-BC-A10W	high	2.529616332	4.299619792	3.061057608	2.663823692	4.36203007	3.669795544	5.459124685
TCGA-LG-A9QC	low	2.833079526	3.449610102	1.133428719	2.492378526	4.841478554	1.231971168	1.569280116
TCGA-DD-A11C	low	1.562626359	2.910755875	0.072750282	1.582132044	4.534585207	1.741594262	1.736606174
TCGA-DD-AACV	low	1.655448463	2.471913959	0.083976829	1.801798102	4.588739217	0.781367184	2.411294987
TCGA-CC-5264	high	2.275808951	3.990174324	0.349225078	2.943758956	4.523552547	2.829035861	4.460780563
TCGA-DD-AACL	high	2.85578384	3.883649162	0.201252563	2.726031847	3.862542642	3.902351476	5.649739031
TCGA-DD-A116	low	2.238284274	4.269958479	2.838242242	2.495487952	4.853009069	1.238668872	1.6617993
TCGA-CC-A7IG	high	2.322758848	3.817745012	0.217170029	2.423851894	4.724846692	5.961957804	6.373240678
TCGA-DD-AAE9	high	2.272017514	3.949063295	2.408852048	1.511309137	4.633751451	0.643343561	2.561699075
TCGA-DD-AAVP	high	2.301383958	3.674093377	2.45461469	1.630790325	4.823954644	1.050366564	2.856867999
TCGA-G3-AAV5	high	2.421303832	4.318691387	0.031487656	3.082679941	4.717863927	1.159126674	5.410250526
TCGA-ZS-A9CF	low	1.507384666	3.037764371	0.114504331	2.24157175	4.820101336	1.284411968	2.350521292
TCGA-NI-A8LF	low	2.032330809	2.979810983	0.263855907	2.294838919	3.577143584	1.754908448	1.702087001
TCGA-DD-A39Z	low	2.198989111	4.326478385	0.034977283	2.048588096	4.113742166	1.197155818	1.867256002
TCGA-EP-A3RK	high	2.586302382	3.727953119	2.347299693	2.206403484	5.224362544	3.45644543	3.575893165
TCGA-FV-A496	high	2.550626379	2.433143206	0.045336358	2.74909957	3.960081655	1.593392497	3.958486364
TCGA-CC-A3MB	high	2.927756727	3.501413667	1.268412235	3.149191229	4.792569596	4.034119732	4.37055211
TCGA-CC-A7IF	low	1.085485844	3.078145768	0.057257248	2.192403767	3.999503988	2.364875226	1.753425258
TCGA-ZS-A9CD	high	2.182396737	3.103625706	0.35858542	1.607247922	4.512730667	2.579857882	3.012498414
TCGA-G3-A25S	high	3.255558591	4.843602022	1.223688822	1.762643491	5.293465395	5.128014949	4.672597324
TCGA-BC-A217	high	2.702767237	4.102210474	0.201288451	1.546252433	4.931558258	2.67346597	2.985623564
TCGA-DD-AAW2	low	1.507591697	2.766561453	0.158282214	1.881661096	4.310689118	0.912496276	2.592494113
TCGA-DD-A3A3	low	1.874748187	3.263599952	0.309092814	2.180379591	3.993466048	0.809530431	1.79621772
TCGA-2Y-A9H8	low	1.56076288	2.901017854	0.063178734	1.673142551	4.569320953	2.153576432	2.86623918
TCGA-G3-A7M6	high	2.452034219	3.579050985	1.456612726	2.748823579	4.445563835	6.656479066	3.695765591
TCGA-FV-A2QQ	low	1.935944337	3.213056847	0.691650469	1.721631643	4.968181551	3.04309931	2.383387729
TCGA-ZP-A9D4	low	1.722734865	2.969547093	0.016590153	2.969631631	4.752621226	0.639679769	1.162293837
TCGA-LG-A9QD	low	2.656371431	2.709227544	0.017785953	1.451225885	3.871194092	1.320679335	1.455172272
TCGA-RC-A6M4	low	1.618419569	3.826470186	0.014166849	3.067206394	4.290315283	0.470535616	1.320142665
TCGA-ED-A7XP	high	2.249854274	3.490982087	1.144576348	1.922407576	4.507887223	2.117307391	3.496675811
TCGA-2Y-A9HA	high	2.555681694	4.143486482	1.64694786	2.580082516	3.674548783	2.118294933	4.70533269
TCGA-DD-AAE2	low	2.539691362	2.375655035	0.048434187	2.094476274	4.834290014	1.701906083	2.097799211
TCGA-DD-AADF	low	1.647066248	3.492208276	0.086278408	0.981283352	5.110330249	1.044895565	2.620008513
TCGA-DD-AACW	low	1.621497249	3.851047384	0.030514107	2.484496504	4.234819347	1.260419557	2.80423058
TCGA-MI-A75I	high	3.141808948	3.47666294	1.023942997	2.53235312	4.162534735	2.913297687	3.919487872
TCGA-FV-A3I0	high	2.547691903	1.620019073	0.707895444	1.373953838	3.876507124	5.497715503	4.319764595
TCGA-2Y-A9H1	low	2.040835633	3.462153121	0.276539306	1.554467046	4.290900603	2.951412483	2.121084715
TCGA-CC-A8HU	high	2.09273448	4.656757771	0.052716269	1.801962781	4.456863961	3.503581532	3.701826258
TCGA-DD-AAD2	low	1.906614341	3.073905559	0.083757183	2.190232408	3.983711436	2.18492833	2.845852711
TCGA-BC-A10R	low	1.939440615	3.148221852	0.125570462	1.578043119	4.747510931	3.953843505	1.874412589
TCGA-G3-A5SL	low	1.864819256	3.111369404	0.970848575	3.496381814	4.016475817	1.479672927	1.55662168
TCGA-CC-A1HT	high	3.165665655	3.977919148	2.279994196	3.073262066	4.739324275	4.996868209	6.547681787
TCGA-2Y-A9GV	low	3.123450835	2.919238623	0.130830378	1.739716354	4.215568333	1.847131832	1.486816812
TCGA-ED-A7XO	low	2.063692758	3.084773529	0.022297653	1.260314768	4.661758149	2.004771389	2.316963907
TCGA-CC-A5UC	high	2.319691339	4.079334586	0.683046568	3.704632971	4.098825452	3.05891077	2.649537057
TCGA-G3-AAV1	high	1.741907871	3.427370576	2.621126323	2.719173801	4.332906962	1.340370846	3.871584453
TCGA-O8-A75V	high	1.752889857	3.322842185	0.090552262	2.147433702	4.514904324	1.964013739	3.1708554
TCGA-ZP-A9CY	low	1.967536429	3.376923091	0.031429146	1.872555754	4.079537691	1.378288543	1.556818333
TCGA-G3-A7M8	low	2.275476145	3.326359014	0.357928604	1.406629183	4.295557002	1.327480429	1.442097928
TCGA-DD-AAE0	high	2.272951233	2.734458827	0.08077021	2.440603837	4.363611249	5.963461408	3.023794177
TCGA-ED-A7PY	low	1.622185859	2.745714279	0.009368256	1.488815753	4.192447483	1.00640216	1.679125139
TCGA-EP-A2KC	high	1.899382157	3.296823871	1.040668033	2.91324234	4.6427882	1.182858166	3.397722338
TCGA-BC-A10X	low	2.689387062	3.019821274	0.066039606	1.416402004	3.875991341	1.943824581	1.377760672
TCGA-CC-A7IH	low	2.287525782	3.38193327	0.930413078	1.860020817	4.455435727	0.772267261	2.399892124
TCGA-FV-A495	low	1.906754784	4.131434737	0.205910314	1.567093196	4.648264096	2.578300406	2.32410665
TCGA-DD-A1EH	high	2.826376828	2.235923388	0.15983647	2.798804543	4.062695946	2.714699195	2.636784454
TCGA-DD-AAEH	low	1.367212249	3.122261881	0.027675989	0.765629452	4.597448341	1.752226644	2.203996377
TCGA-DD-AAEE	low	1.7976248	3.664398643	1.662074671	2.735330672	4.388036579	0.820747226	1.922646194
TCGA-ZP-A9D0	low	1.867271424	2.912340026	0.223416742	0.983022551	4.580837113	0.920330806	1.402312336
TCGA-DD-A1EG	high	2.335099607	3.241633067	1.003728152	2.118074614	4.406185613	4.459215198	4.278242773
TCGA-2Y-A9H6	low	1.750553769	2.778494774	0.409232767	1.537530657	4.357834182	2.542656748	1.855314821
TCGA-2Y-A9GW	high	1.912127871	2.834884313	0.31903172	1.710066482	4.397462095	2.864301655	3.976634001
TCGA-DD-A73D	low	1.80728361	3.232203473	0.011922104	2.253078902	4.317154986	0.721186617	1.49189721
TCGA-DD-A115	low	1.593614795	3.1359083	0.552825304	2.274370512	4.694899132	1.28116172	1.822850045
TCGA-XR-A8TF	low	1.62211228	3.844484079	0.36383818	1.641595968	4.369786117	1.229171973	1.613608029
TCGA-DD-A4NI	low	1.670988948	3.143069119	0.019739485	1.29907347	4.003466415	1.294741305	1.16729305
TCGA-G3-AAV3	high	1.719203596	3.379147656	2.965610689	1.755391396	5.424811934	2.245167049	2.898103461
TCGA-UB-A7MA	high	2.153454508	4.088401136	0.215882578	2.589259175	4.97941079	2.505702707	2.548874299
TCGA-UB-A7MF	high	2.236219514	4.134898584	0.130968722	2.342538817	5.004992544	3.025577056	3.783906051
TCGA-BC-A112	high	2.143967705	3.964188821	3.08554227	2.984474149	5.445848512	5.701500541	6.705308911
TCGA-BC-A10U	high	2.352322939	3.094488942	1.648867593	2.461514677	4.67067211	3.20188976	4.284890896
TCGA-BC-A5W4	low	2.934160171	2.802355162	0	1.670427042	4.665339897	0.466468108	2.04700295
TCGA-FV-A3I1	high	2.53245611	3.122449423	1.292293506	2.718768647	4.393909005	3.903236916	5.136726226
TCGA-CC-A123	high	1.785579426	4.155422193	0.049523321	2.326839891	4.23482471	3.559450208	3.221990266
TCGA-WQ-A9G7	high	3.251057194	2.48450398	0.329125778	3.318776695	4.146805088	4.736485818	4.288789682
TCGA-ED-A66X	high	2.199646278	3.280417874	0.253807542	2.436799875	3.994204068	3.156744789	3.195630125
TCGA-DD-A1EK	high	2.420448177	3.393991352	0.65606851	2.47506127	4.127210644	2.193622263	2.685899793
TCGA-DD-AADM	low	2.083050279	3.710571727	0.476260875	1.546425809	5.073739701	1.937530461	2.638869244
TCGA-MR-A8JO	high	2.005231454	4.03769322	1.010255648	1.505983889	3.741178958	2.71086549	3.453509678
TCGA-QA-A7B7	high	3.672907291	3.22291041	0.304815319	3.054485067	4.729837149	1.055106785	3.802891126
TCGA-CC-A8HT	high	3.240777597	3.700465243	1.738376149	2.630054308	5.074482744	4.48114327	5.654236171
TCGA-FV-A4ZP	high	2.057056835	4.7774497	1.155535532	1.70515782	4.596707989	4.60228227	5.296812347
TCGA-DD-A4NJ	high	2.408730879	3.338870348	0.091178386	3.193911749	3.725750971	2.576928647	2.962467215
TCGA-CC-5258	high	1.849861987	3.118062983	1.249616452	3.080413101	3.786045314	4.392899879	3.540446423
TCGA-EP-A2KB	low	1.73062561	3.791645313	0.166348716	2.090435801	4.515185737	1.845715244	2.054383823
TCGA-G3-A25X	high	2.185904277	3.700416413	1.263474361	1.863868692	4.964907783	4.57337695	2.756011298
TCGA-CC-A5UD	high	2.368850188	3.609403936	1.42640432	3.013999575	3.890898011	6.535157156	7.135843675
TCGA-DD-A119	low	1.555597771	3.916596068	0.201283181	1.405082358	4.122483052	2.123466893	1.836969144
TCGA-DD-AACB	high	2.068716894	3.791538006	2.244262365	1.770862867	2.670861632	4.184952285	5.269624545
TCGA-DD-AAE4	low	1.776512097	4.108254292	0.112081105	0.854916044	4.036054015	2.020317641	1.697481159
TCGA-CC-A3M9	high	3.555046758	4.131656152	0.249182325	1.757942778	4.310433195	6.791226717	5.117005526
TCGA-CC-A7IL	low	1.796557471	3.338653602	0.21393376	3.638841911	4.117813877	0.462752602	1.9758752
TCGA-BC-A10Z	high	2.635233627	3.642789355	1.538475588	4.289863968	4.457636971	4.059311145	2.469035473
TCGA-UB-AA0U	low	2.469852643	3.573330896	0.032841909	2.60034969	3.849462901	1.932628157	1.902251131
TCGA-DD-A3A8	low	1.68624009	3.03323903	1.115211071	1.812276413	4.335730487	1.10866897	1.378706929
TCGA-ED-A4XI	low	1.821658383	2.685120034	0.12209473	1.746097314	3.935244742	2.161355641	2.221717185
TCGA-HP-A5MZ	high	1.858910388	3.25286522	0.282385121	1.881310264	4.115957111	2.484615341	3.851861954
TCGA-DD-AAVU	high	1.984215641	3.863205026	0.365378995	1.750319223	5.090569774	2.838204518	3.761603355
TCGA-DD-AAD6	high	1.234257887	2.899665599	0.971717173	3.170958242	3.239809221	0.764242022	5.41143133
TCGA-DD-A4NE	high	3.274194856	3.775219145	0.133108828	2.454731013	4.105568296	2.341554297	2.557159591
TCGA-DD-AADV	high	1.877493768	3.219784352	0.388716803	1.21123528	4.36970796	1.570511506	3.569616253
TCGA-DD-AACX	high	2.194979948	3.430353926	0.450667778	2.869568231	4.71435928	2.409648358	3.906137312
TCGA-DD-AACC	low	2.347315002	2.979914122	0.061240431	1.456405082	3.93577654	2.94918715	2.727693961
TCGA-G3-A5SK	low	1.329217763	2.220765174	0.013454966	0.765498594	3.218469506	1.101604361	0.870610445
TCGA-ZS-A9CE	low	2.710941731	2.711187613	0.111215551	1.565463623	4.237861955	0.633645378	0.938205759
TCGA-DD-A73B	low	2.16793046	4.491882591	0.017663568	2.492695384	4.464685255	0.679063147	1.91053965
TCGA-RC-A7SB	low	1.876648563	3.956118932	0.272669539	1.653260925	4.280436731	1.327996562	2.129850091
TCGA-DD-AADN	high	2.153277764	3.661994664	1.773195449	2.104159499	4.877771239	4.514734565	5.046282813
TCGA-CC-A5UE	high	2.492158787	3.435882843	1.203194891	2.607576986	4.383632415	3.849936228	7.175316006
TCGA-DD-AACZ	high	2.700168466	4.72444291	1.208178864	3.752804243	4.95104034	4.401905519	6.210141796
TCGA-DD-AAVQ	high	2.413806355	2.170933894	0.081002491	1.973962769	4.248442995	2.66175302	2.995702309
TCGA-BD-A3EP	high	2.973106474	2.596632979	0.268023865	1.918187755	4.457713133	2.879356811	3.9912724
TCGA-DD-A39V	high	1.945930888	3.709971013	1.335932527	1.51837248	5.976196809	1.986998816	4.344156692
TCGA-NI-A4U2	low	2.602751176	3.699307313	0.975517422	1.402700896	3.948214894	1.058928775	1.339368882
TCGA-DD-A4NF	high	2.00696939	3.588360851	4.53102394	2.597844588	4.476447793	1.006715959	1.827000317
TCGA-DD-A11A	high	2.156403413	3.9927639	0.459092782	3.336260676	3.664446431	1.825828358	2.910182338
TCGA-DD-AAD0	low	2.580414457	2.44263383	0.009527438	2.044803612	4.63224611	0.701793086	2.030034087
TCGA-DD-A3A6	high	2.1047419	3.763625095	0.369171298	0.956610645	3.701679903	2.557525521	3.559411049
TCGA-DD-A114	high	3.159284777	3.192727422	0.803607378	2.204270328	5.018681349	5.913603922	5.906373297
TCGA-5C-AAPD	high	2.205691844	2.505676033	0.075637706	1.990355882	4.649295847	4.190911112	4.879140633
TCGA-HP-A5N0	low	2.223890809	2.954486123	0.0572909	1.401062997	4.765610062	1.940727554	1.62253215
TCGA-T1-A6J8	low	2.316501737	3.873513016	0.112440484	1.770121159	3.738154967	2.145166145	2.612631574
TCGA-XR-A8TC	low	1.9459893	3.890727811	0.128851232	2.110834264	3.928946338	1.162567765	1.667545201
TCGA-DD-AACK	high	2.685989695	3.410833182	2.793933328	2.869643833	4.627275307	1.528893326	3.921725755
TCGA-MI-A75C	high	2.101591587	3.112700633	0.875755061	2.252342687	3.637432883	3.697380182	4.816639639
TCGA-DD-AACP	high	1.96026259	3.305978544	1.159419289	2.908651724	4.28329064	5.033324322	4.107106992
TCGA-DD-AACT	low	2.288527187	2.911831339	0.188642852	1.228783604	4.50752954	1.498289169	1.45298755
TCGA-DD-A73E	low	2.622554405	3.04974036	0.814032642	2.753102586	5.496415052	0.925700674	2.43350913
TCGA-BC-4072	high	1.917372939	4.5780825	0.559308448	2.674159607	4.05067495	2.812548334	3.300069238
TCGA-BC-4073	high	2.603049686	3.13451865	0.808723761	3.368212392	4.05569631	3.637040985	3.79708044
TCGA-XR-A8TG	low	1.945296059	3.230032506	0.841868082	2.015044337	4.265567417	2.48502462	1.744711798
TCGA-RC-A6M6	high	2.595499603	3.510060586	1.588018737	2.385090272	4.597026351	3.152373764	6.473807688
TCGA-BC-A69H	high	2.564171323	4.441843976	0.258942897	3.212981856	4.127430232	4.209426851	5.139464583
TCGA-DD-AAC8	high	2.343632098	2.893794566	2.810214188	2.016058382	5.228418912	2.340150622	4.957357002
TCGA-DD-AADJ	high	1.786322851	3.674051559	0.038554009	2.076405172	4.755695719	1.389697309	3.403056212
TCGA-2Y-A9H9	low	1.729491864	3.406410681	0.223808288	1.846349691	4.125882496	1.11871587	1.61453459
TCGA-ED-A5KG	high	2.504765036	3.055260046	0.39743192	2.145207239	4.22045069	3.746194508	3.402913005
TCGA-DD-AACO	low	1.296535524	3.930248157	0.005415413	1.508914878	2.167114139	1.396655467	2.567759597
TCGA-G3-A25Z	low	2.641884699	3.990734356	0.157992084	2.34070468	3.56920549	1.188478153	2.210111708
TCGA-DD-A4NV	low	3.625123173	3.201024664	0.122225934	2.165080643	4.737919261	1.435341093	2.025602568
TCGA-FV-A2QR	low	3.522693569	3.234037106	0.34635649	2.412536585	4.447674403	1.114971298	2.194621028
TCGA-G3-AAV7	high	2.477614904	4.177365318	0.853144146	2.78370054	4.191443421	5.392228454	5.665212537
TCGA-2Y-A9H4	low	2.81532396	3.244285811	0.35903588	1.374726802	4.48685529	2.126139962	2.68581863
TCGA-3K-AAZ8	low	2.477177348	3.310442502	0.024686193	1.96051727	4.875298429	1.073551545	1.796326548
TCGA-CC-5261	high	1.943057889	2.834232867	0.24077665	2.502996542	4.407914898	4.201626804	2.714310369
TCGA-ZP-A9D2	high	3.131010578	3.520158202	1.322351608	2.824578468	4.405557444	4.223310559	4.969105352
TCGA-2Y-A9H5	low	2.424158359	3.0042362	0.168173469	2.127536877	3.978664246	1.854487636	2.086886327
TCGA-G3-A25T	high	2.452211122	4.56969098	0.477777924	1.340211878	4.579300247	2.330992577	3.539156329
TCGA-DD-AAEA	low	2.095497792	3.338920109	0.01251578	2.108009846	4.023360046	0.988140695	3.510941671
TCGA-RG-A7D4	high	1.829160311	3.321364468	0.695369312	3.122830893	4.323269178	2.473088379	4.411034333
TCGA-DD-AACD	low	2.058085438	3.418331376	0.37195178	1.585800944	4.060940575	2.025239335	2.066917878
TCGA-DD-AAD8	high	2.428539868	2.183307695	0.900499054	1.693576611	4.448797237	3.379943342	2.412987416
TCGA-5R-AAAM	low	2.102189809	3.081216727	0.183929053	1.954881195	4.090363983	2.485686231	2.122011346
TCGA-EP-A3JL	high	1.842195241	3.268970139	0.297473529	1.541080132	4.582360299	3.150646268	3.509405754
TCGA-DD-A73G	low	2.456050967	4.085068528	0.138313828	1.75300928	4.679702469	3.81035981	2.100747942
TCGA-G3-AAV4	high	3.116453092	3.606656603	2.019060653	2.12645223	4.7369793	1.204900687	2.811193974
TCGA-ED-A459	high	2.562800952	3.353715956	0.650506965	2.534860941	4.492916451	4.522610091	4.809750897
TCGA-DD-A73C	low	2.329918941	3.58430352	0.021164446	2.78127976	4.817219042	0.916584336	1.244314128
TCGA-MR-A520	low	2.381512912	3.323003512	0.378751867	1.980711925	3.796974575	1.169195775	1.365633753
TCGA-G3-A7M5	low	2.968726504	3.080775325	0.086184747	1.193558556	4.39640887	0.725412233	1.974334737
TCGA-MI-A75G	low	1.789990019	3.4435979	0.161689463	1.865847569	5.075354209	1.41054843	2.303941152
TCGA-CC-A7IK	high	1.432564482	3.692263145	2.599382785	3.260224578	4.702771115	3.564315972	5.094370788
TCGA-G3-A5SJ	high	1.937565111	3.122530099	0.916715787	1.813127329	3.806597308	3.881227046	4.152329466
TCGA-DD-AADC	high	2.419332855	3.558030023	1.694148299	2.17853746	4.129724826	2.084381691	3.94391289
TCGA-DD-A3A7	high	2.310062026	3.527440723	1.422569411	2.392764452	5.983253122	3.918578963	4.815044054
TCGA-DD-AACE	low	3.347287785	3.074948932	0.295359572	1.978098959	3.843758782	1.31714138	2.062577664
TCGA-2Y-A9H3	low	1.998391942	4.236576805	0.104602132	1.000783171	3.962985745	2.490719526	2.150509636
TCGA-DD-A4NB	high	1.80679546	3.729361341	1.104450058	1.689979863	4.318304548	2.391473268	3.848626946
TCGA-G3-A5SI	low	1.794459536	3.78091582	0.055403448	1.144119482	4.192774126	0.717679888	1.602228813
TCGA-DD-AAE6	high	1.70877435	3.534480003	0.006430798	2.634708494	3.62081863	1.038389824	3.990877733
TCGA-DD-AACG	high	1.691712816	4.039363907	0.048074243	2.548164583	3.807147777	3.38636676	4.457519437
TCGA-5C-A9VG	low	2.300272527	4.150470318	0.166368257	3.486626856	4.488802902	1.645743154	2.511174764
TCGA-DD-A1EE	high	2.353226449	3.532877968	0.375805254	3.037880841	5.104916138	2.471179135	3.182622068
TCGA-BC-A110	low	2.543940502	2.976042064	0.04842537	0.789887804	3.717051234	3.022237299	1.855445595
TCGA-GJ-A3OU	high	2.812341112	3.902841526	0.921117593	2.596737682	4.278311919	4.087988056	4.965865997
TCGA-G3-A25U	low	3.133030965	2.371220661	0.024119929	2.169527725	4.680006974	0.727798936	1.050796301
TCGA-G3-A3CG	low	2.597215546	3.148170917	0.324477334	2.619515839	4.332529644	1.323944727	1.649111405
TCGA-CC-5260	high	2.691158479	2.421600876	1.609890622	2.652621408	4.307840145	5.199380636	4.623485307
TCGA-CC-A7IJ	high	4.530883528	3.369265874	3.551036065	2.278218237	5.279988627	7.632347474	6.432402259
TCGA-DD-AADU	low	1.516984353	3.017214814	0.94037486	1.096263203	4.472457877	0.768584433	1.809102821
TCGA-DD-AAE1	low	1.517762473	3.148595593	0.029638034	2.331804373	4.291062741	1.121598994	2.443959856
TCGA-2Y-A9HB	low	1.701177302	3.547754574	0.398250757	2.754031463	4.499160883	1.435706993	1.795091981
TCGA-BD-A2L6	low	2.38510491	3.806320964	0.053789265	1.555802906	4.276166103	1.349716849	1.664090483
TCGA-DD-A3A9	high	2.258746542	2.72507276	0.088236516	2.056558558	5.130963808	3.278651059	2.492468002
TCGA-KR-A7K2	low	1.957801704	2.76571189	0.046901969	1.381709195	4.273753833	1.671416574	1.648469585
TCGA-CC-A3MC	high	1.898614688	3.483419828	1.077156845	2.117368571	4.044263834	3.69242385	5.073835654
TCGA-DD-A73A	low	1.84327277	2.883190289	0.707442627	2.195215293	4.137746958	1.955660601	2.581831583
TCGA-DD-AADG	low	2.895637466	3.175012581	1.636570334	3.250511874	4.40085007	0.885441138	1.654730649
TCGA-DD-A4NL	low	1.665142597	2.614013178	0.009945425	1.643922206	3.983544545	1.189992139	1.175803053
TCGA-BC-A10Q	low	2.091329509	4.032319524	0.161175154	1.484486708	4.284663666	1.957455537	3.023213295
TCGA-2Y-A9GU	low	1.755127718	3.810913985	0.170720252	1.9672745	4.761528362	0.681457541	1.317056844
TCGA-ZP-A9CV	low	2.217096989	2.883696468	0.032024946	2.154922425	3.897376943	1.475235372	2.500269738
TCGA-DD-A113	high	1.669876707	3.6807598	0.592827277	2.504876369	4.507412196	2.909245459	2.513590291
TCGA-2Y-A9GT	low	1.69813267	2.770668385	0.024960394	2.138550409	4.151907512	1.542220898	1.751186467
TCGA-DD-A39X	high	1.908178828	3.978809743	0.54527828	1.78899259	4.024221262	3.89801869	3.325940991
TCGA-DD-AACU	high	2.019437544	2.873561443	0.156575114	1.978197827	4.713197053	1.723926342	3.630022146
TCGA-WX-AA47	high	2.121233613	3.208131251	0.61923936	1.391721535	3.690205872	1.682016786	3.381134111
TCGA-DD-A3A4	low	1.343735838	3.26094715	0.798704941	2.003765205	4.299487187	0.454096701	0.961949463
TCGA-DD-A73F	high	2.002271537	3.383049385	1.125647135	2.656884622	4.107344728	3.358949686	2.639444962
TCGA-DD-A4NN	low	2.326156491	2.700500976	0.018267942	1.738318208	4.353598535	1.8969751	2.603935115
TCGA-DD-AAEI	high	1.688972113	3.306427472	0.741405545	1.500526742	4.748683953	1.440857078	3.701161995
TCGA-UB-AA0V	low	2.880967768	3.290718546	0.020506397	1.480054649	3.925309228	1.871978057	1.353922831
TCGA-DD-AADO	high	1.646471905	4.24682153	0.238154136	2.017739868	4.086298031	3.517003508	3.163050236
TCGA-DD-AAVY	low	1.945977693	2.713008172	0.223131263	2.301356153	4.958132286	0.662851172	2.492208789
TCGA-FV-A3R3	low	1.827423957	2.882455047	0.096028263	1.829047028	4.075670391	2.247224522	2.319260684
TCGA-DD-A4NS	high	2.467938587	2.863305151	0.589973405	1.807722968	4.403145674	3.12640432	3.471892374
TCGA-MI-A75H	low	2.057628064	3.187045744	0.049359055	1.37340099	4.606807594	1.567838435	2.800553922
TCGA-UB-A7MC	low	1.924382695	3.426344201	0.979512714	2.504681658	5.244249652	0.718499461	2.167011344
TCGA-FV-A4ZQ	high	2.664289861	3.972605355	0.925987194	2.79800882	4.452515048	5.487141584	3.69014887
TCGA-DD-AAEG	low	2.047013423	3.558016549	0.51956314	1.540999322	4.28310095	3.28831057	2.051744474
TCGA-DD-AAD5	high	3.079503728	3.604407043	2.308139788	3.151688371	3.804566798	5.624370863	6.829335851
TCGA-K7-A5RG	high	2.227542707	2.96100241	0.379160468	1.788759201	4.825565849	3.488682097	3.851811994
TCGA-XR-A8TD	high	2.63378597	2.761676323	0.170331976	2.104176948	3.994074602	2.772406376	3.369533766
TCGA-DD-AACY	low	2.236242479	2.772297628	0.152038136	1.265304863	4.068724115	2.525536219	1.919757288
TCGA-KR-A7K7	high	2.090854108	3.132430427	0.45535221	1.768819077	5.141946079	2.129141873	4.607115447
TCGA-G3-A25Y	low	2.248581589	2.817922202	0.047413224	1.768154253	4.188174596	2.573692262	2.885855653
TCGA-K7-AAU7	high	2.524851525	3.479614729	2.174482163	2.288093035	4.471735684	4.118453588	6.429297934
TCGA-BC-A3KF	high	2.32699689	4.238573649	0.119104751	2.284483336	3.931694402	2.405792274	3.018578096
TCGA-2Y-A9H2	high	2.793296213	3.434163955	0.553971958	2.215794442	4.08818316	3.720511598	4.565921258
TCGA-DD-AAW3	low	1.780428114	3.46274339	0.163636555	2.352667577	4.377800505	1.102527796	2.218552116
TCGA-ED-A82E	high	2.717394354	4.146976925	0.212266139	1.31098628	4.695757797	2.212282639	3.521379956
TCGA-DD-A4NP	low	1.816719295	3.340696421	2.037565666	1.633937983	4.223915206	0.734647977	1.246871378
TCGA-G3-A6UC	low	1.977217634	2.653063687	0.036683711	1.696652226	4.444484863	0.61663661	1.952105028
TCGA-DD-AAW1	low	1.518189657	3.082337612	0.027821671	2.44956877	4.363413609	0.814221611	2.092084953
TCGA-DD-A118	low	2.114071792	3.475505175	0.421429928	1.908510506	4.365934646	1.581678076	2.914907553
TCGA-DD-AADA	low	1.800863463	0.770111346	0.113622562	0.927699657	4.023829299	2.594631192	1.864823613
TCGA-ED-A66Y	high	2.349448508	2.237013578	0.038132734	2.328787933	4.564142782	6.274324661	4.307438726
TCGA-DD-AAE3	low	1.355989389	3.623669075	0.012670626	0.879226618	4.705303381	1.986234342	1.351750433
TCGA-G3-AAV6	high	1.976401398	3.915045661	1.148483822	1.971694	4.34110478	3.304108842	3.214220878
